MATNR
000000000004005745	
000000000004005791	
000000000004006043	
000000000004001483	
000000000006000461	
000000000006000480	
000000000007002506	
000000000004006041	
000000000004005825	
000000000004006098	
000000000004000238	
000000000004001758	
000000000004001761	
000000000004000273	
000000000007000575	
000000000007002470	
000000000006000269	
000000000006000330	
000000000006000329	
000000000006000288	
000000000006000287	
000000000006000286	
000000000006000285	
000000000006000276	
000000000006000275	
000000000006000274	
000000000006000273	
000000000006000272	
000000000006000271	
000000000006000270	
000000000006000267	
000000000006000266	
000000000006000262	
000000000006000260	
000000000003001257	
000000000003001256	
000000000003000977	
000000000003000976	
000000000003000975	
000000000003000974	
000000000003000972	
000000000003000971	
000000000003000970	
000000000003000969	
000000000003000965	
000000000003000964	
000000000003000963	
000000000003000961	
000000000007000807	
000000000007001375	
000000000007000840	
000000000007000813	
000000000007000758	
000000000007000868	
000000000007000759	
000000000007000851	
000000000007000850	
000000000007000830	
000000000007000765	
000000000007000579	
000000000007000076	
000000000007000075	
000000000007000074	
000000000007000072	
000000000007000071	
000000000007000070	
000000000007000067	
000000000004001830	
000000000004001776	
000000000004001638	
000000000004000331	
000000000004000312	
000000000004000311	
000000000004000201	
000000000004000020	
000000000004000014	
000000000004000013	
000000000007000715	
000000000007000835	
000000000004000083	
000000000004000127	
000000000004000128	
000000000004000129	
000000000004001704	
000000000004001705	
000000000004001709	
000000000004001711	
000000000004001712	
000000000007000299	
000000000007000300	
000000000007000302	
000000000007000304	
000000000007000306	
000000000003000973	
000000000004001810	
000000000004000265	
000000000004000294	
000000000007000708	
000000000007000714	
000000000007000716	
000000000007000717	
000000000007000718	
000000000007000719	
000000000007000725	
000000000007000726	
000000000007000727	
000000000007000784	
000000000007000866	
000000000007000871	
000000000007000537	
000000000007000536	
000000000007000495	
000000000007000204	
000000000007000203	
000000000004001845	
000000000004001809	
000000000004000240	
000000000004000125	
000000000004000064	
000000000004001660	
000000000007002137	
000000000007002138	
000000000007002139	
000000000004001744	
000000000004001820	
000000000004001821	
000000000004001828	
000000000007000656	
000000000007000681	
000000000007000774	
000000000007000390	
000000000004000224	
000000000004001774	
000000000007000577	
000000000007000578	
000000000007000580	
000000000007000635	
000000000004000156	
000000000004000171	
000000000004000215	
000000000004000217	
000000000004000219	
000000000004000256	
000000000004000281	
000000000004001725	
000000000004001734	
000000000004001748	
000000000004001756	
000000000004001773	
000000000004001777	
000000000004001778	
000000000004001782	
000000000004001798	
000000000004001799	
000000000007000465	
000000000007000567	
000000000007000570	
000000000007000571	
000000000004000172	
000000000004001752	
000000000004000173	
000000000007000842	
000000000004001749	
000000000007000114	
000000000007000767	
000000000004000108	
000000000004000259	
000000000004000107	
000000000004000255	
000000000007000626	
000000000007000734	
000000000003001282	
000000000004000038	
000000000007000202	
000000000007000621	
000000000004001796	
000000000003000968	
000000000004001706	
000000000003000966	
000000000003000967	
000000000004001710	
000000000004000182	
000000000004006067	
000000000004000214	
000000000004006070	
000000000006000462	
000000000006000332	
000000000006000331	
000000000006000325	
000000000006000324	
000000000006000323	
000000000006000322	
000000000006000317	
000000000006000316	
000000000006000315	
000000000006000311	
000000000006000310	
000000000006000309	
000000000006000308	
000000000006000307	
000000000006000294	
000000000006000292	
000000000006000290	
000000000006000289	
000000000006000265	
000000000006000264	
000000000006000261	
000000000006000328	
000000000006000293	
000000000004001226	
000000000004001224	
000000000004001221	
000000000004001220	
000000000004001219	
000000000004001217	
000000000004001216	
000000000004001215	
000000000004001214	
000000000004001212	
000000000004001206	
000000000004001204	
000000000004001203	
000000000004001202	
000000000004001200	
000000000004001199	
000000000004001197	
000000000004001196	
000000000004001195	
000000000004001194	
000000000004001193	
000000000004001190	
000000000004001189	
000000000004001188	
000000000004001184	
000000000004001182	
000000000004001181	
000000000004001180	
000000000004001179	
000000000004001173	
000000000004001168	
000000000004001167	
000000000004001166	
000000000004001163	
000000000004001162	
000000000007000783	
000000000007000786	
000000000007000787	
000000000007000788	
000000000007000789	
000000000007000790	
000000000007000791	
000000000007000792	
000000000007000793	
000000000007000794	
000000000007000795	
000000000007000766	
000000000004001345	
000000000004001248	
000000000004001419	
000000000004001518	
000000000007000785	
000000000004001213	
000000000004001307	
000000000004000347	
000000000004001164	
000000000004001503	
000000000004001929	
000000000006000406	
000000000004001191	
000000000006000445	
000000000007000298	
000000000004001308	
000000000006000402	
000000000004001970	
000000000004001961	
000000000004001957	
000000000004001953	
000000000004001951	
000000000004001947	
000000000004001946	
000000000004001945	
000000000004001940	
000000000004001939	
000000000004001938	
000000000004001921	
000000000004001919	
000000000004001880	
000000000004001879	
000000000004001877	
000000000004001876	
000000000004001612	
000000000004001611	
000000000004001610	
000000000004001609	
000000000004001608	
000000000004001607	
000000000004001606	
000000000004001605	
000000000004001603	
000000000004001602	
000000000004001598	
000000000004001597	
000000000004001596	
000000000004001595	
000000000004001594	
000000000004001593	
000000000004001592	
000000000004001591	
000000000004001590	
000000000004001584	
000000000004001583	
000000000004001575	
000000000004001573	
000000000004001572	
000000000004001571	
000000000004001565	
000000000004001558	
000000000004001556	
000000000004001555	
000000000004001554	
000000000004001553	
000000000004001551	
000000000004001550	
000000000004001548	
000000000004001547	
000000000004001544	
000000000004001542	
000000000004001541	
000000000004001540	
000000000004001539	
000000000004001538	
000000000004001537	
000000000004001536	
000000000004001535	
000000000004001526	
000000000004001525	
000000000004001524	
000000000004001517	
000000000004001515	
000000000004001514	
000000000004001513	
000000000004001512	
000000000004001511	
000000000004001507	
000000000004001506	
000000000004001504	
000000000004001501	
000000000004001500	
000000000004001498	
000000000004001492	
000000000004001491	
000000000004001489	
000000000004001488	
000000000004001487	
000000000004001485	
000000000004001484	
000000000004001482	
000000000004001481	
000000000004001480	
000000000004001473	
000000000004001472	
000000000004001469	
000000000004001468	
000000000004001466	
000000000004001465	
000000000004001464	
000000000004001462	
000000000004001461	
000000000004001455	
000000000004001454	
000000000004001448	
000000000004001447	
000000000004001446	
000000000004001445	
000000000004001444	
000000000004001443	
000000000004001442	
000000000004001441	
000000000004001440	
000000000004001439	
000000000004001438	
000000000004001434	
000000000004001432	
000000000004001431	
000000000004001428	
000000000004001427	
000000000004001426	
000000000004001422	
000000000004001420	
000000000004001418	
000000000004001417	
000000000004001415	
000000000004001414	
000000000004001413	
000000000004001412	
000000000004001411	
000000000004001410	
000000000004001409	
000000000004001408	
000000000004001407	
000000000004001405	
000000000004001402	
000000000004001400	
000000000004001395	
000000000004001392	
000000000004001390	
000000000004001389	
000000000004001388	
000000000004001386	
000000000004001385	
000000000004001384	
000000000004001383	
000000000004001382	
000000000004001381	
000000000004001380	
000000000004001379	
000000000004001376	
000000000004001375	
000000000004001371	
000000000004001370	
000000000004001367	
000000000004001364	
000000000004001363	
000000000004001362	
000000000004001361	
000000000004001357	
000000000004001351	
000000000004001350	
000000000004001349	
000000000004001347	
000000000004001346	
000000000004001344	
000000000004001343	
000000000004001341	
000000000004001340	
000000000004001339	
000000000004001335	
000000000004001331	
000000000004001329	
000000000004001328	
000000000004001327	
000000000004001326	
000000000004001323	
000000000004001322	
000000000004001318	
000000000004001317	
000000000004001316	
000000000004001313	
000000000004001310	
000000000004001306	
000000000004001303	
000000000004001301	
000000000004001300	
000000000004001299	
000000000004001297	
000000000004001296	
000000000004001295	
000000000004001294	
000000000004001293	
000000000004001292	
000000000004001291	
000000000004001290	
000000000004001289	
000000000004001287	
000000000004001286	
000000000004001284	
000000000004001283	
000000000004001282	
000000000004001281	
000000000004001279	
000000000004001277	
000000000004001276	
000000000004001274	
000000000004001273	
000000000004001270	
000000000004001268	
000000000004001267	
000000000004001266	
000000000004001265	
000000000004001264	
000000000004001263	
000000000004001262	
000000000004001261	
000000000004001260	
000000000004001255	
000000000004001253	
000000000004001251	
000000000004001250	
000000000004001249	
000000000004001247	
000000000004001243	
000000000004001241	
000000000004001239	
000000000004001238	
000000000004001237	
000000000004001235	
000000000004001231	
000000000004001230	
000000000004001228	
000000000004001157	
000000000004001156	
000000000004001155	
000000000004001154	
000000000004001152	
000000000004001146	
000000000004001141	
000000000004001139	
000000000004000650	
000000000004000649	
000000000004000648	
000000000004000646	
000000000004000642	
000000000004000640	
000000000004000455	
000000000004000444	
000000000004000419	
000000000004000416	
000000000004000411	
000000000004000408	
000000000004000407	
000000000004000406	
000000000004000404	
000000000004000402	
000000000004000400	
000000000004000399	
000000000004000398	
000000000004000391	
000000000004000390	
000000000004000389	
000000000004000387	
000000000004000382	
000000000004000380	
000000000004000378	
000000000004000375	
000000000004000374	
000000000004000372	
000000000004000368	
000000000004000366	
000000000004000364	
000000000004000360	
000000000004000357	
000000000004000353	
000000000004000351	
000000000004000349	
000000000004000348	
000000000007000671	
000000000007000533	
000000000007000466	
000000000004001787	
000000000007000402	
000000000007000331	
000000000007000330	
000000000004000120	
000000000004000119	
000000000004000115	
000000000004000095	
000000000004001377	
000000000004001430	
000000000004001505	
000000000004001486	
000000000004001314	
000000000004000104	
000000000007000319	
000000000004001959	
000000000004001958	
000000000004000103	
000000000004001401	
000000000004001557	
000000000004001563	
000000000004001601	
000000000004001198	
000000000004000159	
000000000004000098	
000000000004000096	
000000000007000329	
000000000007000316	
000000000007000317	
000000000004000114	
000000000004000097	
000000000004000365	
000000000004001479	
000000000004001337	
000000000004001302	
000000000004004401	
000000000004000643	
000000000004001158	
000000000004000369	
000000000004000551	
000000000004001423	
000000000004001174	
000000000007000334	
000000000004001713	
000000000004000149	
000000000004000146	
000000000004000121	
000000000004000093	
000000000004001406	
000000000004000113	
000000000004000386	
000000000004001496	
000000000004001252	
000000000004001353	
000000000007000312	
000000000004001172	
000000000004001176	
000000000004001256	
000000000004001319	
000000000004001509	
000000000004001576	
000000000004001577	
000000000004001578	
000000000004001579	
000000000004001580	
000000000004001325	
000000000004001269	
000000000004001315	
000000000004001208	
000000000004001394	
000000000004001735	
000000000004001259	
000000000004001378	
000000000004001416	
000000000004001366	
000000000004001272	
000000000004001581	
000000000004001183	
000000000004001348	
000000000004001523	
000000000004001404	
000000000004000379	
000000000004000641	
000000000004000147	
000000000004001338	
000000000004000352	
000000000004001244	
000000000004000417	
000000000004001358	
000000000004001372	
000000000004000647	
000000000004000405	
000000000004001311	
000000000004001245	
000000000004001552	
000000000004001545	
000000000004001207	
000000000004001258	
000000000004001566	
000000000004000094	
000000000004001708	
000000000004000100	
000000000004001726	
000000000004001305	
000000000004001201	
000000000004001177	
000000000004001153	
000000000004001257	
000000000004001493	
000000000004001192	
000000000004001359	
000000000004001374	
000000000004001508	
000000000004001521	
000000000004001600	
000000000004001159	
000000000004001470	
000000000004001562	
000000000004001927	
000000000004001588	
000000000004001185	
000000000004001355	
000000000004001451	
000000000004000584	
000000000004001304	
000000000004001567	
000000000004001568	
000000000004001569	
000000000004001570	
000000000004001582	
000000000004001534	
000000000004000359	
000000000004001147	
000000000004001586	
000000000004001474	
000000000004001519	
000000000004001520	
000000000004001531	
000000000004001559	
000000000004001560	
000000000004001561	
000000000004001587	
000000000004001599	
000000000004001298	
000000000004001368	
000000000004001369	
000000000004001421	
000000000004001949	
000000000004001950	
000000000004006002	
000000000004001467	
000000000004001242	
000000000004001330	
000000000004001336	
000000000004001393	
000000000004001549	
000000000004001170	
000000000004001186	
000000000007001001	
000000000007000999	
000000000007000982	
000000000007000984	
000000000004002506	
000000000004002502	
000000000004002501	
000000000004002500	
000000000004002499	
000000000004002498	
000000000004002497	
000000000004002496	
000000000004002577	
000000000004002553	
000000000004002250	
000000000004002249	
000000000004002248	
000000000004002243	
000000000004002242	
000000000004002240	
000000000004002237	
000000000004002127	
000000000004002126	
000000000004002125	
000000000004002124	
000000000004002123	
000000000004002122	
000000000004002121	
000000000004002119	
000000000004002118	
000000000004002117	
000000000004002116	
000000000004002115	
000000000004002114	
000000000004002099	
000000000004002098	
000000000004002094	
000000000004002093	
000000000004001999	
000000000004001589	
000000000004001564	
000000000004001533	
000000000004001530	
000000000004001494	
000000000004001490	
000000000004001463	
000000000004001460	
000000000004001459	
000000000004001187	
000000000004001178	
000000000004001175	
000000000004000645	
000000000004000395	
000000000004000388	
000000000004000358	
000000000004000356	
000000000004000355	
000000000004000354	
000000000004000350	
000000000004000346	
000000000004000339	
000000000007001737	
000000000007001734	
000000000007001644	
000000000007001639	
000000000007001198	
000000000007001197	
000000000007001194	
000000000007001193	
000000000007001192	
000000000007001189	
000000000007001188	
000000000007001186	
000000000007001185	
000000000007001184	
000000000007001183	
000000000007001182	
000000000007001181	
000000000007001180	
000000000007001179	
000000000007001174	
000000000007001173	
000000000007001172	
000000000007001171	
000000000007001170	
000000000007001166	
000000000007001165	
000000000007001164	
000000000007001160	
000000000007001159	
000000000007001158	
000000000007001157	
000000000007001156	
000000000007001155	
000000000007001154	
000000000007001153	
000000000007001152	
000000000007001147	
000000000007001067	
000000000007001066	
000000000007001064	
000000000007001063	
000000000007001062	
000000000007001061	
000000000007001017	
000000000007000957	
000000000007000956	
000000000007000955	
000000000007000954	
000000000007000948	
000000000007000947	
000000000007000946	
000000000007000945	
000000000007000944	
000000000007000943	
000000000007000942	
000000000007000941	
000000000007000940	
000000000007000939	
000000000007000938	
000000000007000937	
000000000007000936	
000000000007000935	
000000000007000934	
000000000007000933	
000000000007000932	
000000000007000931	
000000000007000930	
000000000007000926	
000000000007000922	
000000000007000921	
000000000007000920	
000000000007000917	
000000000007000893	
000000000004003943	
000000000004003776	
000000000004003775	
000000000004003774	
000000000004003772	
000000000004003769	
000000000004003768	
000000000004003767	
000000000004003764	
000000000004003762	
000000000004003761	
000000000004003760	
000000000004003755	
000000000004003751	
000000000004003749	
000000000004003748	
000000000004003747	
000000000004003746	
000000000004003745	
000000000004003744	
000000000004003742	
000000000004003740	
000000000004003710	
000000000004003709	
000000000004003708	
000000000004003693	
000000000004003692	
000000000004003691	
000000000004003690	
000000000004003689	
000000000004003688	
000000000004003683	
000000000004003682	
000000000004002613	
000000000004002612	
000000000004002604	
000000000004002602	
000000000004002584	
000000000004002582	
000000000004002567	
000000000004002566	
000000000004002543	
000000000004002541	
000000000004002539	
000000000004002533	
000000000004002532	
000000000004002530	
000000000004002520	
000000000004002519	
000000000004002277	
000000000004002274	
000000000004002271	
000000000004002270	
000000000004002269	
000000000004002268	
000000000004002113	
000000000004002112	
000000000004002111	
000000000004002108	
000000000004002107	
000000000004002106	
000000000004002105	
000000000004002104	
000000000004002103	
000000000004002102	
000000000004002036	
000000000004002035	
000000000004002034	
000000000004002033	
000000000004002032	
000000000004002031	
000000000004002030	
000000000004002029	
000000000004002028	
000000000004002027	
000000000004002024	
000000000004002014	
000000000004001976	
000000000004000396	
000000000004001529	
000000000004001227	
000000000004002003	
000000000004000371	
000000000004003771	
000000000004001148	
000000000004001975	
000000000004001144	
000000000004002101	
000000000004001528	
000000000007001011	
000000000004001169	
000000000004001398	
000000000007002045	
000000000004002294	
000000000004002037	
000000000004002038	
000000000004002039	
000000000004002486	
000000000004003468	
000000000004003471	
000000000007000958	
000000000007000959	
000000000007000960	
000000000007000961	
000000000007000962	
000000000007000963	
000000000007000964	
000000000007000965	
000000000007000966	
000000000007000967	
000000000007000968	
000000000007000969	
000000000007000970	
000000000007000971	
000000000007000972	
000000000007000973	
000000000007000974	
000000000007000975	
000000000007000976	
000000000007000977	
000000000007000978	
000000000007000979	
000000000007000980	
000000000007000981	
000000000007000983	
000000000007000985	
000000000007000987	
000000000007000988	
000000000007000989	
000000000007000990	
000000000007000992	
000000000007000993	
000000000007000994	
000000000007000995	
000000000007000996	
000000000007000997	
000000000007000998	
000000000007001000	
000000000007001002	
000000000007001003	
000000000007001004	
000000000007001005	
000000000007001006	
000000000007001538	
000000000007001542	
000000000007001543	
000000000007001544	
000000000007001546	
000000000007001547	
000000000007001549	
000000000007001552	
000000000007001553	
000000000007001555	
000000000007001556	
000000000007001557	
000000000007001558	
000000000007001608	
000000000007001725	
000000000007001726	
000000000004001532	
000000000007001010	
000000000004000363	
000000000004001145	
000000000004002611	
000000000007001728	
000000000007001163	
000000000004002017	
000000000004002019	
000000000004002020	
000000000004002021	
000000000004002022	
000000000004002023	
000000000004002235	
000000000004003439	
000000000004003446	
000000000004003447	
000000000004003448	
000000000007000902	
000000000007000923	
000000000007000924	
000000000007000925	
000000000007000927	
000000000007000928	
000000000007000929	
000000000007001105	
000000000007001106	
000000000007001107	
000000000007001108	
000000000007001109	
000000000007001110	
000000000007001111	
000000000007001112	
000000000007001113	
000000000007001115	
000000000007001118	
000000000007001120	
000000000007001121	
000000000007001122	
000000000007001123	
000000000007001124	
000000000007001125	
000000000007001126	
000000000007001127	
000000000007001128	
000000000007001129	
000000000007001130	
000000000007001131	
000000000007001132	
000000000007001133	
000000000007001134	
000000000007001135	
000000000007001533	
000000000007001554	
000000000007001721	
000000000007001722	
000000000004000341	
000000000004001543	
000000000004002010	
000000000004002011	
000000000004002012	
000000000004002013	
000000000004003419	
000000000004003421	
000000000004003427	
000000000004003942	
000000000004003944	
000000000007001520	
000000000007001522	
000000000007001523	
000000000007001732	
000000000007001733	
000000000007001735	
000000000007001738	
000000000007001736	
000000000004002007	
000000000004002008	
000000000007000949	
000000000007000950	
000000000007000951	
000000000007000952	
000000000004002599	
000000000004002005	
000000000007001535	
000000000007001534	
000000000004003454	
000000000004003455	
000000000004003456	
000000000004003457	
000000000004003459	
000000000007001537	
000000000007001149	
000000000007002210	
000000000007002207	
000000000007002202	
000000000004005023	
000000000004005022	
000000000004005020	
000000000004005019	
000000000004005017	
000000000004005010	
000000000004005000	
000000000004004996	
000000000004004995	
000000000007001536	
000000000007002211	
000000000004001161	
000000000007002214	
000000000004000361	
000000000004002605	
000000000004000439	
000000000004001254	
000000000004001471	
000000000004000373	
000000000004001502	
000000000004005013	
000000000004004592	
000000000004002509	
000000000004002510	
000000000004002514	
000000000004002515	
000000000004002517	
000000000004002568	
000000000007001148	
000000000007001150	
000000000007001167	
000000000007001169	
000000000007002283	
000000000007002282	
000000000007002278	
000000000007002272	
000000000007002270	
000000000007002269	
000000000007002262	
000000000007002261	
000000000004005303	
000000000004005290	
000000000004005261	
000000000004005260	
000000000004005257	
000000000004005252	
000000000004005296	
000000000004005292	
000000000004005297	
000000000004005286	
000000000004005262	
000000000004003425	
000000000007002212	
000000000004002598	
000000000004005134	
000000000004003931	
000000000007001013	
000000000004002006	
000000000007002280	
000000000004001604	
000000000004001333	
000000000007002279	
000000000004002546	
000000000004005298	
000000000004002547	
000000000004002548	
000000000004001288	
000000000004002222	
000000000004002223	
000000000004002224	
000000000004002225	
000000000004002230	
000000000004002231	
000000000004002252	
000000000007001051	
000000000007001052	
000000000007001053	
000000000007001054	
000000000007001012	
000000000004004594	
000000000004001425	
000000000004002097	
000000000004001225	
000000000004003420	
000000000004004596	
000000000004004598	
000000000004005001	
000000000007002209	
000000000004005259	
000000000007001622	
000000000008000072	
000000000008000073	
000000000008000074	
000000000008000075	
000000000008000076	
000000000008000077	
000000000008000079	
000000000008000082	
000000000004005603	
000000000004002001	
000000000004000362	
000000000004000438	
000000000004001149	
000000000004001271	
000000000004001403	
000000000004002120	
000000000004001585	
000000000007002213	
000000000007002271	
000000000004001234	
000000000004001522	
000000000004001449	
000000000004005726	
000000000004005723	
000000000004004593	
000000000004005278	
000000000004005277	
000000000007002410	
000000000004001356	
000000000004002295	
000000000004002004	
000000000004001143	
000000000007002216	
000000000007002215	
000000000004002015	
000000000004002016	
000000000004003608	
000000000004003609	
000000000004003610	
000000000004003636	
000000000004003637	
000000000004003638	
000000000004003639	
000000000004003640	
000000000004003641	
000000000004003651	
000000000004003652	
000000000004003653	
000000000007001716	
000000000007001718	
000000000007001719	
000000000007001720	
000000000007001723	
000000000007001724	
000000000007001727	
000000000007001729	
000000000007001730	
000000000007001731	
000000000004001209	
000000000004001229	
000000000004002591	
000000000004001165	
000000000004002588	
000000000004002590	
000000000004001516	
000000000004001360	
000000000004001334	
000000000004000377	
000000000004000451	
000000000004001527	
000000000004002238	
000000000004002110	
000000000004001941	
000000000004001943	
000000000004005604	
000000000004001942	
000000000004001236	
000000000004001510	
000000000004000376	
000000000004005730	
000000000004001142	
000000000007001257	
000000000007001255	
000000000007001250	
000000000007001247	
000000000007001243	
000000000007001242	
000000000007001241	
000000000007001240	
000000000007001248	
000000000007001783	
000000000004002828	
000000000004002791	
000000000004002790	
000000000004002789	
000000000004002764	
000000000004002762	
000000000004002668	
000000000004002667	
000000000004002665	
000000000004002412	
000000000007001830	
000000000007001829	
000000000007001828	
000000000007001816	
000000000007001804	
000000000007001803	
000000000007001771	
000000000007001754	
000000000007001741	
000000000007001740	
000000000007001702	
000000000007001701	
000000000007001700	
000000000007001699	
000000000007001698	
000000000007001696	
000000000007001694	
000000000007001689	
000000000007001687	
000000000007001686	
000000000007001675	
000000000007001673	
000000000007001669	
000000000007001374	
000000000007001358	
000000000007001357	
000000000007001353	
000000000007001352	
000000000007001351	
000000000007001350	
000000000007001348	
000000000007001347	
000000000007001346	
000000000007001345	
000000000007001344	
000000000007001343	
000000000007001342	
000000000007001341	
000000000007001323	
000000000007001302	
000000000007001301	
000000000007001300	
000000000007001299	
000000000007001298	
000000000007001297	
000000000007001296	
000000000007001295	
000000000007001294	
000000000007001293	
000000000007001292	
000000000007001288	
000000000007001287	
000000000007001286	
000000000007001285	
000000000007001284	
000000000007001283	
000000000007001282	
000000000007001280	
000000000007001279	
000000000007001278	
000000000007001276	
000000000007001270	
000000000007001269	
000000000007001268	
000000000007001267	
000000000007001266	
000000000007001265	
000000000007001264	
000000000007001263	
000000000007001262	
000000000007001202	
000000000007001201	
000000000004003963	
000000000004003855	
000000000004003854	
000000000004003853	
000000000004002856	
000000000004002855	
000000000004002854	
000000000004002843	
000000000004002842	
000000000004002841	
000000000004002840	
000000000004002839	
000000000004002838	
000000000004002837	
000000000004002836	
000000000004002835	
000000000004002834	
000000000004002781	
000000000004002780	
000000000004002779	
000000000004002778	
000000000004002777	
000000000004002776	
000000000004002768	
000000000004002767	
000000000004002753	
000000000004002752	
000000000004002750	
000000000004002749	
000000000004002748	
000000000004002747	
000000000004002745	
000000000004002744	
000000000004002743	
000000000004002742	
000000000004002741	
000000000004002740	
000000000004002739	
000000000004002738	
000000000004002728	
000000000004002726	
000000000004002711	
000000000004002710	
000000000004002649	
000000000004002646	
000000000004002645	
000000000004002467	
000000000007001841	
000000000004004109	
000000000004004108	
000000000004004107	
000000000004004106	
000000000004004105	
000000000004004110	
000000000004004111	
000000000007001837	
000000000007001838	
000000000007001839	
000000000004002746	
000000000007001777	
000000000007001848	
000000000004003964	
000000000004003965	
000000000004003966	
000000000004003967	
000000000007001084	
000000000004004159	
000000000004004155	
000000000007001812	
000000000007001811	
000000000007001807	
000000000007001806	
000000000007001371	
000000000007001707	
000000000004002664	
000000000004003975	
000000000004003976	
000000000007001753	
000000000007001776	
000000000007001272	
000000000007001085	
000000000007001871	
000000000007001872	
000000000007001873	
000000000008000117	
000000000007001747	
000000000007001748	
000000000007001758	
000000000007001760	
000000000007001879	
000000000007001880	
000000000007001808	
000000000007001810	
000000000007001096	
000000000007001097	
000000000007001203	
000000000007001204	
000000000007001205	
000000000007001206	
000000000007001207	
000000000007001208	
000000000007001209	
000000000007001210	
000000000007001211	
000000000007001244	
000000000007001245	
000000000007001246	
000000000007001256	
000000000007001705	
000000000007001709	
000000000007001711	
000000000007001773	
000000000007001774	
000000000007001787	
000000000007001788	
000000000007001789	
000000000007001790	
000000000007001791	
000000000007001792	
000000000007001793	
000000000007001794	
000000000007001809	
000000000007001813	
000000000007001814	
000000000007001815	
000000000007001870	
000000000008000191	
000000000008000190	
000000000007002113	
000000000007002112	
000000000007002110	
000000000004004666	
000000000004004651	
000000000007001784	
000000000007001785	
000000000007001095	
000000000007001094	
000000000007001093	
000000000004003866	
000000000007001801	
000000000007001745	
000000000007001759	
000000000007001761	
000000000007001769	
000000000007002123	
000000000007002122	
000000000004004692	
000000000004004683	
000000000004004681	
000000000004004679	
000000000004004678	
000000000004004671	
000000000007000873	
000000000007000872	
000000000007000870	
000000000007000869	
000000000007000864	
000000000004004697	
000000000004004695	
000000000007001339	
000000000004004682	
000000000004004684	
000000000007001802	
000000000004002443	
000000000004002444	
000000000004002445	
000000000004002446	
000000000004002447	
000000000004002448	
000000000007001090	
000000000007001091	
000000000007001092	
000000000007002136	
000000000007002135	
000000000007002130	
000000000007002121	
000000000004004772	
000000000004004771	
000000000004004101	
000000000007001847	
000000000007001798	
000000000007002124	
000000000007002140	
000000000004004792	
000000000004004783	
000000000004004782	
000000000004003716	
000000000004003717	
000000000004003718	
000000000007000877	
000000000007000879	
000000000007001050	
000000000007001200	
000000000007001230	
000000000007001260	
000000000007001325	
000000000007001326	
000000000007001624	
000000000007001625	
000000000007001626	
000000000007001628	
000000000007001629	
000000000007001630	
000000000007001631	
000000000007001778	
000000000007001780	
000000000007001781	
000000000007001782	
000000000007001840	
000000000007001878	
000000000007001885	
000000000004004670	
000000000004004672	
000000000004004800	
000000000007002144	
000000000007002145	
000000000004004814	
000000000004004812	
000000000004004811	
000000000004004802	
000000000004004644	
000000000007001767	
000000000007002143	
000000000004004816	
000000000004004825	
000000000007002148	
000000000007002111	
000000000007002128	
000000000007002129	
000000000004003736	
000000000004003737	
000000000004004059	
000000000004004060	
000000000004004061	
000000000004004649	
000000000004004703	
000000000004004704	
000000000007001620	
000000000007001799	
000000000007001800	
000000000007001805	
000000000007001817	
000000000007001818	
000000000007001842	
000000000007001843	
000000000007001844	
000000000007001845	
000000000007001846	
000000000007001850	
000000000007001851	
000000000007001852	
000000000007001853	
000000000007002126	
000000000007002125	
000000000004002736	
000000000004002205	
000000000004004646	
000000000004004659	
000000000004004661	
000000000004004707	
000000000004004712	
000000000007001046	
000000000007001047	
000000000004004883	
000000000004004887	
000000000004004888	
000000000007002164	
000000000007002162	
000000000007002159	
000000000007002158	
000000000007002157	
000000000007002149	
000000000004004879	
000000000004004876	
000000000004004873	
000000000004004861	
000000000004004856	
000000000004004854	
000000000004004833	
000000000004004830	
000000000004002228	
000000000004002229	
000000000004004885	
000000000004004779	
000000000004004777	
000000000007002134	
000000000004004673	
000000000004004674	
000000000004002647	
000000000007001762	
000000000004001869	
000000000004003732	
000000000004003711	
000000000004003712	
000000000004003713	
000000000004003725	
000000000004003728	
000000000007001633	
000000000004005132	
000000000004005130	
000000000004005129	
000000000004005128	
000000000004005126	
000000000004005124	
000000000004005123	
000000000004005122	
000000000004004058	
000000000007002228	
000000000007002146	
000000000007002147	
000000000004002795	
000000000007002256	
000000000007002246	
000000000007002245	
000000000007002244	
000000000004005200	
000000000004005191	
000000000004004652	
000000000004004654	
000000000007002257	
000000000004005225	
000000000004005224	
000000000004005223	
000000000004005222	
000000000004005221	
000000000004005219	
000000000004005214	
000000000004005213	
000000000004005211	
000000000004003898	
000000000007001676	
000000000007001690	
000000000004005249	
000000000004005251	
000000000007001697	
000000000007001739	
000000000004002720	
000000000004002722	
000000000004002723	
000000000004002724	
000000000004002735	
000000000004002845	
000000000007001068	
000000000007001271	
000000000007001273	
000000000007001274	
000000000007001275	
000000000007001277	
000000000007001340	
000000000007001355	
000000000007001356	
000000000007001372	
000000000007001772	
000000000007002161	
000000000007002294	
000000000007002293	
000000000004005344	
000000000004005341	
000000000004005340	
000000000004005333	
000000000004005327	
000000000004005226	
000000000007001632	
000000000004002666	
000000000007002306	
000000000007002304	
000000000007002302	
000000000007002301	
000000000007002300	
000000000004005419	
000000000004005418	
000000000004005415	
000000000004005400	
000000000004005385	
000000000004005384	
000000000004005360	
000000000007002227	
000000000004001870	
000000000004005127	
000000000004004688	
000000000004004689	
000000000004004690	
000000000004004699	
000000000004004700	
000000000007002317	
000000000007002316	
000000000007002315	
000000000007002312	
000000000007002311	
000000000007002310	
000000000004005435	
000000000004005434	
000000000004005433	
000000000004005133	
000000000004004804	
000000000004004803	
000000000004005395	
000000000004005396	
000000000004005397	
000000000004005398	
000000000004005399	
000000000004003865	
000000000004001871	
000000000007002326	
000000000007002327	
000000000007002330	
000000000004004125	
000000000004004653	
000000000007001884	
000000000004004032	
000000000004004034	
000000000004004035	
000000000004002227	
000000000007002303	
000000000004001911	
000000000004004821	
000000000004004657	
000000000004004693	
000000000007001796	
000000000004004756	
000000000004004760	
000000000004002707	
000000000004002721	
000000000007002295	
000000000004001789	
000000000007002160	
000000000004002653	
000000000004004768	
000000000004004767	
000000000004003945	
000000000004003895	
000000000004003664	
000000000004004676	
000000000004005335	
000000000004005678	
000000000004005679	
000000000007002426	
000000000004004766	
000000000004003946	
000000000007001744	
000000000007001746	
000000000007001751	
000000000007001765	
000000000004005339	
000000000004005406	
000000000004005643	
000000000004005682	
000000000004005204	
000000000007002428	
000000000007002427	
000000000004005692	
000000000004005689	
000000000004005688	
000000000004005686	
000000000004005685	
000000000004005683	
000000000004005684	
000000000004005337	
000000000004005416	
000000000004005755	
000000000004001791	
000000000004005653	
000000000004004022	
000000000004004023	
000000000004004024	
000000000007001882	
000000000004005401	
000000000004005402	
000000000004005403	
000000000007001677	
000000000004004725	
000000000004004726	
000000000007002307	
000000000007002308	
000000000004005425	
000000000004005426	
000000000004005790	
000000000004005202	
000000000004005343	
000000000004003733	
000000000004003734	
000000000004003735	
000000000004002219	
000000000004005342	
000000000004003868	
000000000004003869	
000000000004003919	
000000000004003920	
000000000004003921	
000000000004003922	
000000000004003947	
000000000004003953	
000000000004003954	
000000000004003955	
000000000004004008	
000000000004004132	
000000000004004133	
000000000004004154	
000000000007001609	
000000000007001610	
000000000007001611	
000000000007001612	
000000000007001613	
000000000007001623	
000000000007001680	
000000000007001683	
000000000007001684	
000000000007001685	
000000000007001688	
000000000007001691	
000000000007001693	
000000000007001712	
000000000007001713	
000000000007001714	
000000000007001715	
000000000007001757	
000000000007001795	
000000000007001797	
000000000007001854	
000000000007001855	
000000000007001856	
000000000007001857	
000000000007001858	
000000000007001859	
000000000007001860	
000000000007001861	
000000000007001862	
000000000007001864	
000000000007001876	
000000000007001875	
000000000007001877	
000000000007001881	
000000000007002131	
000000000007002132	
000000000004002260	
000000000004002261	
000000000004005680	
000000000004004648	
000000000004004819	
000000000004005985	
000000000004005996	
000000000004005336	
000000000007001060	
000000000004005986	
000000000004005987	
000000000004005988	
000000000004006009	
000000000004006014	
000000000004006016	
000000000004006019	
000000000004006023	
000000000004005753	
000000000004001792	
000000000004001793	
000000000004001720	
000000000004001788	
000000000004001790	
000000000004005757	
000000000004005800	
000000000004005802	
000000000004005756	
000000000004005801	
000000000004005788	
000000000004006078	
000000000004005997	
000000000004006045	
000000000007001044	
000000000007001026	
000000000004002136	
000000000004003463	
000000000004003450	
000000000004003449	
000000000004003432	
000000000004003431	
000000000004003428	
000000000004003267	
000000000004003260	
000000000004003243	
000000000004003234	
000000000004003233	
000000000004003229	
000000000004003228	
000000000004003212	
000000000004003210	
000000000004003208	
000000000004003207	
000000000004003206	
000000000004003204	
000000000004003203	
000000000004003175	
000000000004003172	
000000000004003169	
000000000004003159	
000000000004003150	
000000000004003146	
000000000004003142	
000000000004003111	
000000000004003105	
000000000004002960	
000000000004002936	
000000000004002935	
000000000004002934	
000000000004002933	
000000000004002932	
000000000004002931	
000000000004002930	
000000000004002811	
000000000004002794	
000000000004002383	
000000000004002381	
000000000004002362	
000000000004002357	
000000000004002349	
000000000004002348	
000000000004002346	
000000000004002199	
000000000004002198	
000000000004002196	
000000000004002195	
000000000004002193	
000000000004002154	
000000000004002130	
000000000008000012	
000000000007001661	
000000000007001660	
000000000007001659	
000000000007001658	
000000000007001657	
000000000007001656	
000000000007001654	
000000000007001653	
000000000007001652	
000000000007001651	
000000000007001571	
000000000007001570	
000000000007001568	
000000000007001567	
000000000007001566	
000000000007001565	
000000000007001563	
000000000007001562	
000000000007001561	
000000000007001502	
000000000007001501	
000000000007001500	
000000000007001499	
000000000007001498	
000000000007001497	
000000000007001496	
000000000007001495	
000000000007001489	
000000000007001480	
000000000007001380	
000000000007001083	
000000000007001082	
000000000004003533	
000000000004003510	
000000000004003508	
000000000004003507	
000000000004003506	
000000000004003317	
000000000004003316	
000000000004003282	
000000000004003281	
000000000004002927	
000000000004002879	
000000000004002347	
000000000004003537	
000000000007001899	
000000000007001898	
000000000004004185	
000000000004004184	
000000000004004183	
000000000004004182	
000000000004002364	
000000000004002369	
000000000004002367	
000000000004002361	
000000000007001916	
000000000007001915	
000000000007001914	
000000000007001913	
000000000007001912	
000000000007001911	
000000000007001910	
000000000007001909	
000000000007001908	
000000000007001907	
000000000004004220	
000000000004004208	
000000000004004207	
000000000007001490	
000000000004003236	
000000000007001928	
000000000007001927	
000000000007001926	
000000000004004243	
000000000004004240	
000000000004004235	
000000000004004234	
000000000004004204	
000000000004004203	
000000000004004202	
000000000004004239	
000000000004004241	
000000000004003176	
000000000007001891	
000000000007001892	
000000000007001947	
000000000007001946	
000000000007001945	
000000000007001943	
000000000007001941	
000000000007001939	
000000000004004322	
000000000004004321	
000000000004004320	
000000000004004308	
000000000004004307	
000000000004004300	
000000000004004298	
000000000004004302	
000000000004003263	
000000000004002155	
000000000004004319	
000000000004004296	
000000000004004295	
000000000004004368	
000000000004004369	
000000000004004370	
000000000007001934	
000000000004003237	
000000000004003269	
000000000004004366	
000000000004004365	
000000000004004354	
000000000004003177	
000000000004004355	
000000000004004347	
000000000004004335	
000000000004004326	
000000000007002049	
000000000007000124	
000000000007001931	
000000000004004325	
000000000007001944	
000000000004002360	
000000000004004188	
000000000007001507	
000000000004003438	
000000000004002399	
000000000004003392	
000000000004003394	
000000000004003561	
000000000007001974	
000000000007001583	
000000000007001584	
000000000007001900	
000000000004003323	
000000000004004161	
000000000004003268	
000000000004003395	
000000000007001902	
000000000004004303	
000000000004002939	
000000000004002940	
000000000004002941	
000000000004002944	
000000000004002945	
000000000004002949	
000000000004003563	
000000000004004353	
000000000007001972	
000000000007001975	
000000000004004323	
000000000008000120	
000000000004002366	
000000000004004309	
000000000004003156	
000000000007001971	
000000000007001970	
000000000007001969	
000000000007001968	
000000000007001967	
000000000007001965	
000000000007001962	
000000000007001564	
000000000004004231	
000000000007001648	
000000000007001649	
000000000007001650	
000000000007001929	
000000000007001576	
000000000007001577	
000000000004003218	
000000000004003219	
000000000004003220	
000000000004003528	
000000000004003529	
000000000004003530	
000000000007001482	
000000000007001518	
000000000007001575	
000000000004004491	
000000000004004173	
000000000004004174	
000000000004004181	
000000000004004905	
000000000004004929	
000000000004004930	
000000000004002200	
000000000004004953	
000000000007002177	
000000000007002175	
000000000007002174	
000000000007002173	
000000000004004941	
000000000004004952	
000000000007001933	
000000000004003817	
000000000007001932	
000000000004004367	
000000000007002206	
000000000007002205	
000000000007002204	
000000000007002203	
000000000007002200	
000000000004005059	
000000000004005042	
000000000004005041	
000000000004005119	
000000000004005118	
000000000004005116	
000000000004005098	
000000000004005093	
000000000004005084	
000000000004005082	
000000000004005080	
000000000004005076	
000000000007002235	
000000000004005159	
000000000004005117	
000000000007002242	
000000000007002241	
000000000007002240	
000000000007002238	
000000000007002237	
000000000004005163	
000000000007002239	
000000000004004053	
000000000004005144	
000000000007002231	
000000000007002233	
000000000004004940	
000000000004005137	
000000000004003531	
000000000004003532	
000000000004003534	
000000000004003535	
000000000004003536	
000000000007001578	
000000000004003509	
000000000007002229	
000000000007002230	
000000000004003543	
000000000007001598	
000000000007001517	
000000000004005166	
000000000004005156	
000000000007002319	
000000000007002318	
000000000007002314	
000000000004005458	
000000000004005438	
000000000004005165	
000000000004005441	
000000000004005436	
000000000007001920	
000000000007002320	
000000000007002321	
000000000004005153	
000000000007002323	
000000000007002324	
000000000007002332	
000000000007002342	
000000000007002338	
000000000007002337	
000000000007002336	
000000000007002333	
000000000004005480	
000000000004005479	
000000000004005478	
000000000004003393	
000000000004005324	
000000000004004795	
000000000007002180	
000000000007002179	
000000000007002344	
000000000004005412	
000000000004005411	
000000000004005283	
000000000007002356	
000000000007002353	
000000000004005534	
000000000004005533	
000000000004005524	
000000000004005523	
000000000004005243	
000000000004005516	
000000000007002341	
000000000007002340	
000000000007002355	
000000000004005521	
000000000004005493	
000000000004005511	
000000000004005102	
000000000007002350	
000000000004005443	
000000000004005539	
000000000004005545	
000000000004005547	
000000000004005550	
000000000004005552	
000000000004005555	
000000000004005556	
000000000007002358	
000000000007002359	
000000000007002360	
000000000007000125	
000000000007000126	
000000000007000129	
000000000004005554	
000000000007002372	
000000000007002274	
000000000004005559	
000000000007002224	
000000000004004984	
000000000007002193	
000000000004004348	
000000000004004345	
000000000004004344	
000000000004005180	
000000000004005181	
000000000004005164	
000000000004005439	
000000000004004808	
000000000007002255	
000000000004002374	
000000000004005440	
000000000004003794	
000000000004003795	
000000000007001646	
000000000007001665	
000000000004005590	
000000000007000130	
000000000007001994	
000000000007001993	
000000000007001995	
000000000007001996	
000000000007001998	
000000000007002000	
000000000007002001	
000000000007002019	
000000000007002020	
000000000007001647	
000000000004004070	
000000000004003825	
000000000007002354	
000000000004005522	
000000000007002401	
000000000007002391	
000000000007002390	
000000000007002389	
000000000004005635	
000000000004005627	
000000000004005624	
000000000004005081	
000000000004004810	
000000000004003101	
000000000004003165	
000000000004003164	
000000000004003157	
000000000004003279	
000000000004003231	
000000000004003326	
000000000004003147	
000000000004003830	
000000000004003827	
000000000004003701	
000000000004003241	
000000000004003893	
000000000004003941	
000000000007001821	
000000000004002197	
000000000004005099	
000000000004002382	
000000000004004242	
000000000004002370	
000000000004002371	
000000000004002372	
000000000004002373	
000000000004002375	
000000000004003334	
000000000004003993	
000000000004005056	
000000000004005060	
000000000004005052	
000000000004004042	
000000000004003178	
000000000004004141	
000000000004005055	
000000000004005051	
000000000004005058	
000000000004005053	
000000000007002425	
000000000004005677	
000000000004005667	
000000000004005666	
000000000004005461	
000000000004004253	
000000000004004252	
000000000007000132	
000000000004004957	
000000000004005061	
000000000007002225	
000000000007002243	
000000000007002236	
000000000007000386	
000000000004002380	
000000000007002436	
000000000007001918	
000000000007001919	
000000000007002141	
000000000004005889	
000000000004004189	
000000000004004056	
000000000004002765	
000000000004002871	
000000000004002872	
000000000004002873	
000000000004002874	
000000000004002875	
000000000004002876	
000000000004003304	
000000000004003305	
000000000004003327	
000000000004003328	
000000000004003329	
000000000004003527	
000000000004004073	
000000000004004102	
000000000004004186	
000000000004004228	
000000000007001376	
000000000007001377	
000000000007001378	
000000000007001379	
000000000007001381	
000000000007001382	
000000000007001383	
000000000007001384	
000000000007001385	
000000000007001386	
000000000007001470	
000000000007001469	
000000000007001483	
000000000007001484	
000000000007001485	
000000000007001486	
000000000007001487	
000000000007001488	
000000000007001494	
000000000007001508	
000000000007001509	
000000000007001510	
000000000007001574	
000000000007001587	
000000000007001823	
000000000007001824	
000000000007001825	
000000000007001826	
000000000007001827	
000000000007001832	
000000000007001833	
000000000007001835	
000000000007001836	
000000000007001894	
000000000007001895	
000000000007001896	
000000000007001901	
000000000007001903	
000000000007001904	
000000000007001905	
000000000007001906	
000000000007001917	
000000000007001921	
000000000007001922	
000000000007001923	
000000000007001937	
000000000007001938	
000000000007001579	
000000000004005908	
000000000004005913	
000000000004005858	
000000000007002480	
000000000004005930	
000000000007002499	
000000000004002796	
000000000004002797	
000000000004002792	
000000000004003148	
000000000004003191	
000000000004002148	
000000000004004093	
000000000004006039	
000000000004005980	
000000000004005876	
000000000004005875	
000000000004005750	
000000000004005751	
000000000004005758	
000000000004005828	
000000000004005829	
000000000007002461	
000000000004004096	
000000000004004057	
000000000004004055	
000000000004004051	
000000000004004046	
000000000004004028	
000000000004004027	
000000000004004021	
000000000004004020	
000000000004004019	
000000000004004005	
000000000004004004	
000000000004004002	
000000000004003998	
000000000004003997	
000000000004003996	
000000000004003887	
000000000004003886	
000000000004003885	
000000000004003881	
000000000004003880	
000000000004003874	
000000000004003858	
000000000004003857	
000000000004003845	
000000000004003841	
000000000004003835	
000000000004003831	
000000000004003816	
000000000004003815	
000000000004003808	
000000000004003798	
000000000004003797	
000000000004003791	
000000000004003706	
000000000004003654	
000000000004003650	
000000000004003617	
000000000004003616	
000000000004003615	
000000000004003614	
000000000004003612	
000000000004003611	
000000000004003501	
000000000004003497	
000000000004003401	
000000000004003398	
000000000004003382	
000000000004003379	
000000000004003377	
000000000004003367	
000000000004003354	
000000000004003353	
000000000004003352	
000000000004003335	
000000000004003287	
000000000004001546	
000000000004001373	
000000000004001285	
000000000004001280	
000000000007000837	
000000000007000760	
000000000007000702	
000000000007000701	
000000000007000700	
000000000007000597	
000000000007000576	
000000000007000568	
000000000007000504	
000000000007000503	
000000000007000502	
000000000007000501	
000000000007000481	
000000000007000480	
000000000007000051	
000000000004000276	
000000000004004120	
000000000004004114	
000000000004003842	
000000000004004157	
000000000004004152	
000000000004004150	
000000000004004149	
000000000004004146	
000000000004004145	
000000000004004144	
000000000004004143	
000000000004004142	
000000000004003106	
000000000004003103	
000000000004003100	
000000000004003174	
000000000004003155	
000000000004003170	
000000000004003291	
000000000004003173	
000000000004003262	
000000000004003542	
000000000004003266	
000000000004003242	
000000000004003102	
000000000004003264	
000000000004003703	
000000000004003697	
000000000004003696	
000000000004003668	
000000000004003667	
000000000004003649	
000000000004003643	
000000000004003462	
000000000004003461	
000000000004003445	
000000000004003444	
000000000004003443	
000000000004003441	
000000000004003440	
000000000004003276	
000000000004003273	
000000000004003271	
000000000004003270	
000000000004003259	
000000000004003240	
000000000004003239	
000000000004003238	
000000000004003227	
000000000004003226	
000000000004003225	
000000000004003224	
000000000004003183	
000000000004003623	
000000000004003620	
000000000004003621	
000000000004003622	
000000000004004176	
000000000004003851	
000000000004004244	
000000000004004238	
000000000004004226	
000000000004003292	
000000000004003837	
000000000004003390	
000000000004003324	
000000000004003378	
000000000004003295	
000000000004003388	
000000000007000559	
000000000004004382	
000000000004004381	
000000000004004378	
000000000007002010	
000000000004004458	
000000000007001991	
000000000007001988	
000000000007002043	
000000000007001985	
000000000007001984	
000000000007001981	
000000000007001978	
000000000007001987	
000000000007001990	
000000000007002042	
000000000004004148	
000000000004003402	
000000000004004455	
000000000004003669	
000000000004004459	
000000000004003704	
000000000004003565	
000000000004003293	
000000000007002009	
000000000004003372	
000000000004003371	
000000000004003575	
000000000004003574	
000000000004003592	
000000000004003583	
000000000004003579	
000000000004003580	
000000000004003581	
000000000004003584	
000000000004003585	
000000000004003586	
000000000004003587	
000000000004003589	
000000000004003591	
000000000004003576	
000000000004004448	
000000000004004449	
000000000007001924	
000000000007002040	
000000000007002041	
000000000007002004	
000000000007002156	
000000000007002155	
000000000007002154	
000000000007002153	
000000000007002151	
000000000007002150	
000000000004004899	
000000000004004893	
000000000004004892	
000000000004004891	
000000000004004838	
000000000004004847	
000000000004004906	
000000000004004908	
000000000007002189	
000000000007002186	
000000000007002185	
000000000007002183	
000000000007002176	
000000000007002172	
000000000007002171	
000000000007002168	
000000000007002166	
000000000007002165	
000000000004004973	
000000000004004966	
000000000004004903	
000000000004004902	
000000000007002191	
000000000004004967	
000000000007002178	
000000000007002187	
000000000004004971	
000000000004004968	
000000000004004972	
000000000007002196	
000000000007002188	
000000000007002197	
000000000007002182	
000000000007002181	
000000000007002199	
000000000007002198	
000000000004004990	
000000000007002190	
000000000004003265	
000000000004004304	
000000000004003843	
000000000007002221	
000000000007002219	
000000000007002218	
000000000007002217	
000000000007002226	
000000000007002223	
000000000004005114	
000000000004005096	
000000000004005087	
000000000004005088	
000000000007002006	
000000000004003836	
000000000007002254	
000000000007002253	
000000000007002250	
000000000007002249	
000000000007002248	
000000000007002247	
000000000004005188	
000000000004005187	
000000000004004336	
000000000004004337	
000000000004003387	
000000000004003839	
000000000004003149	
000000000004004050	
000000000004003642	
000000000007002260	
000000000004005245	
000000000004005242	
000000000004003167	
000000000007002170	
000000000004004358	
000000000004004837	
000000000007002285	
000000000007002284	
000000000007002277	
000000000007002276	
000000000007002273	
000000000007002268	
000000000007002266	
000000000007002265	
000000000007002264	
000000000004005322	
000000000004005282	
000000000004005269	
000000000004005267	
000000000004005308	
000000000004005312	
000000000004005185	
000000000004005183	
000000000004005064	
000000000004005318	
000000000004005313	
000000000007002292	
000000000007002290	
000000000007002289	
000000000007002288	
000000000007002287	
000000000007002286	
000000000004005348	
000000000004005347	
000000000004003828	
000000000004002938	
000000000004004359	
000000000004003882	
000000000004004332	
000000000004003116	
000000000004005371	
000000000004005370	
000000000004005369	
000000000004005368	
000000000004005366	
000000000004005365	
000000000004005364	
000000000004005363	
000000000007002222	
000000000004005070	
000000000004005182	
000000000004005179	
000000000004005186	
000000000004003840	
000000000004005268	
000000000007002275	
000000000004004158	
000000000004005265	
000000000004005266	
000000000004005367	
000000000004005361	
000000000007002251	
000000000004005481	
000000000004005482	
000000000004005491	
000000000007002325	
000000000007002328	
000000000007002339	
000000000004004334	
000000000004005325	
000000000004005323	
000000000007002345	
000000000004003117	
000000000004003113	
000000000004003844	
000000000004003151	
000000000004005136	
000000000004005063	
000000000007002232	
000000000007002346	
000000000007002347	
000000000004005572	
000000000004005573	
000000000004005574	
000000000004005591	
000000000004005592	
000000000004005595	
000000000004005596	
000000000007002370	
000000000007002373	
000000000007002376	
000000000007002377	
000000000007002374	
000000000004005281	
000000000004005442	
000000000004003123	
000000000007002378	
000000000004003211	
000000000007001960	
000000000007000145	
000000000004000042	
000000000007000152	
000000000007000745	
000000000004005143	
000000000004005142	
000000000004005140	
000000000004005240	
000000000004005146	
000000000004005467	
000000000004003285	
000000000004005066	
000000000004005620	
000000000004005621	
000000000004005373	
000000000007002400	
000000000004005632	
000000000004005633	
000000000007002392	
000000000007002388	
000000000007002387	
000000000007002385	
000000000007002383	
000000000007002381	
000000000004005647	
000000000004000040	
000000000004000039	
000000000004005626	
000000000004005625	
000000000004003290	
000000000004003496	
000000000004004205	
000000000004003158	
000000000004003824	
000000000004004001	
000000000004005492	
000000000004004299	
000000000004005660	
000000000004003294	
000000000004003283	
000000000004003163	
000000000004003166	
000000000004003286	
000000000004003288	
000000000004003171	
000000000004003230	
000000000004003221	
000000000004003289	
000000000004003325	
000000000004003442	
000000000004004026	
000000000004003892	
000000000004003702	
000000000004003694	
000000000004004012	
000000000004003829	
000000000004003894	
000000000004003891	
000000000004003833	
000000000004003890	
000000000004003940	
000000000004003832	
000000000004003834	
000000000004003982	
000000000004003952	
000000000004004090	
000000000004004091	
000000000004004094	
000000000004003261	
000000000004003901	
000000000004005581	
000000000007002375	
000000000007002357	
000000000004005241	
000000000004003582	
000000000004002937	
000000000004005244	
000000000007002169	
000000000004004915	
000000000004003433	
000000000004003846	
000000000004004970	
000000000004003859	
000000000007002432	
000000000007002431	
000000000007002429	
000000000007002424	
000000000007002423	
000000000007002422	
000000000007002421	
000000000007002420	
000000000004005721	
000000000004005718	
000000000004005717	
000000000004005716	
000000000004005705	
000000000004005704	
000000000004005703	
000000000004005701	
000000000004005700	
000000000004005699	
000000000004005698	
000000000004005697	
000000000004005696	
000000000004005676	
000000000004005675	
000000000004005670	
000000000004005661	
000000000007000560	
000000000007000561	
000000000004003205	
000000000004003223	
000000000007002291	
000000000004004457	
000000000004003182	
000000000007000562	
000000000004004297	
000000000004003272	
000000000007002352	
000000000004003275	
000000000007002452	
000000000007000768	
000000000007000651	
000000000007000674	
000000000004005662	
000000000007000154	
000000000007000563	
000000000007002437	
000000000004005891	
000000000004005644	
000000000004003373	
000000000007002380	
000000000004005812	
000000000007002475	
000000000004003235	
000000000004004371	
000000000004004373	
000000000004004085	
000000000004003181	
000000000004003179	
000000000004004374	
000000000004000175	
000000000004001750	
000000000004004399	
000000000004004400	
000000000007000469	
000000000007002012	
000000000007002023	
000000000007002037	
000000000007002039	
000000000004005749	
000000000007000564	
000000000004005739	
000000000004004301	
000000000004005924	
000000000007002489	
000000000007002490	
000000000007002491	
000000000007002492	
000000000007002493	
000000000004005582	
000000000004005781	
000000000007002167	
000000000004003162	
000000000007000565	
000000000004003613	
000000000004005929	
000000000004005949	
000000000004005950	
000000000004005954	
000000000007002495	
000000000007002496	
000000000007002497	
000000000007002498	
000000000007002500	
000000000007002501	
000000000007002502	
000000000004003495	
000000000004003596	
000000000004004140	
000000000004003161	
000000000004004177	
000000000004005851	
000000000004005955	
000000000004005821	
000000000007002441	
000000000007002465	
000000000004005822	
000000000004005823	
000000000004003190	
000000000004005882	
000000000004005827	
000000000007002460	
000000000004005826	
000000000007002473	
000000000007002504	
000000000007002483	
000000000004005824	
000000000007002459	
000000000007002471	
000000000007002438	
000000000007002462	
000000000007002469	
000000000007002467	
000000000007002466	
000000000004002433	
000000000004002432	
000000000004002431	
000000000004002190	
000000000007001042	
000000000007001041	
000000000007001040	
000000000007001069	
000000000004003258	
000000000004003274	
000000000008000102	
000000000008000053	
000000000008000052	
000000000008000050	
000000000008000048	
000000000008000033	
000000000007001703	
000000000007001679	
000000000007001678	
000000000007001643	
000000000007001642	
000000000007001641	
000000000007001640	
000000000007001572	
000000000007001560	
000000000007001532	
000000000007001531	
000000000007001530	
000000000007001529	
000000000007001493	
000000000007001492	
000000000007001491	
000000000007001291	
000000000007001289	
000000000007001214	
000000000007001098	
000000000007000895	
000000000004003906	
000000000004003479	
000000000004003257	
000000000004002860	
000000000004002682	
000000000004002396	
000000000004002395	
000000000004002306	
000000000004001974	
000000000004001888	
000000000004001887	
000000000007001527	
000000000007001528	
000000000007001525	
000000000007001526	
000000000004002331	
000000000004002333	
000000000004002704	
000000000007001662	
000000000004003907	
000000000004003408	
000000000007001258	
000000000007001443	
000000000007001461	
000000000008000103	
000000000004003278	
000000000008000040	
000000000008000049	
000000000004002798	
000000000004002326	
000000000004002327	
000000000004003647	
000000000007001664	
000000000004003820	
000000000004000130	
000000000007001445	
000000000004004470	
000000000004004469	
000000000004000279	
000000000008000100	
000000000007001435	
000000000007000828	
000000000007001618	
000000000007001467	
000000000007001465	
000000000007001464	
000000000007001460	
000000000007001456	
000000000007001455	
000000000007001454	
000000000007001451	
000000000007001449	
000000000007001448	
000000000007001447	
000000000007001101	
000000000007001029	
000000000004003644	
000000000004003409	
000000000004002801	
000000000004002799	
000000000004002465	
000000000004002461	
000000000004002340	
000000000008000063	
000000000008000046	
000000000008000031	
000000000008000181	
000000000007002084	
000000000007002083	
000000000007002082	
000000000007002081	
000000000007002080	
000000000007002079	
000000000007002078	
000000000007002077	
000000000007002075	
000000000007002074	
000000000007002071	
000000000004004567	
000000000004004502	
000000000004004564	
000000000007001303	
000000000004004565	
000000000008000184	
000000000008000183	
000000000007002085	
000000000004004578	
000000000004004577	
000000000004004575	
000000000004004574	
000000000004004572	
000000000004004570	
000000000004004568	
000000000004003478	
000000000004003480	
000000000004003481	
000000000004003482	
000000000007000733	
000000000007001360	
000000000007001361	
000000000007001362	
000000000007001363	
000000000007001364	
000000000007001365	
000000000007001367	
000000000007001368	
000000000007001369	
000000000007001581	
000000000007001582	
000000000007001585	
000000000007001586	
000000000007001588	
000000000007001592	
000000000007001593	
000000000007001594	
000000000007001595	
000000000008000037	
000000000004002705	
000000000007001614	
000000000004004569	
000000000007002096	
000000000007002090	
000000000007002088	
000000000007002087	
000000000007000371	
000000000004004600	
000000000004004599	
000000000004004506	
000000000004004505	
000000000004004504	
000000000007000729	
000000000007000730	
000000000007001331	
000000000007001332	
000000000007001333	
000000000004002463	
000000000004002330	
000000000004002336	
000000000007001074	
000000000004002464	
000000000007001102	
000000000004003648	
000000000007001663	
000000000007001616	
000000000007001444	
000000000007001446	
000000000004002627	
000000000007001452	
000000000007001453	
000000000004002324	
000000000007001457	
000000000004002325	
000000000004002338	
000000000007001075	
000000000004002337	
000000000007001441	
000000000004004620	
000000000004004622	
000000000004004623	
000000000007002100	
000000000007001619	
000000000004004621	
000000000007001440	
000000000007001442	
000000000007001458	
000000000008000182	
000000000007001668	
000000000007001073	
000000000007001671	
000000000007001670	
000000000007001231	
000000000004003850	
000000000004003849	
000000000004003848	
000000000007001638	
000000000008000051	
000000000008000107	
000000000004000315	
000000000007000498	
000000000004004463	
000000000004004529	
000000000004000305	
000000000004000035	
000000000004000036	
000000000004000197	
000000000004000229	
000000000004000230	
000000000004000266	
000000000004000267	
000000000004000268	
000000000004000271	
000000000004000275	
000000000004000283	
000000000004000300	
000000000004000301	
000000000004000303	
000000000004000304	
000000000004000306	
000000000004000324	
000000000004000325	
000000000004000326	
000000000004001643	
000000000004001645	
000000000004001647	
000000000004001648	
000000000004001649	
000000000004001742	
000000000004001779	
000000000004001811	
000000000004001815	
000000000004001816	
000000000004001817	
000000000004001818	
000000000004001819	
000000000004002802	
000000000004002803	
000000000004002805	
000000000004002806	
000000000004002807	
000000000007000143	
000000000007000144	
000000000007000151	
000000000007000356	
000000000007000525	
000000000007000526	
000000000007000591	
000000000007000592	
000000000007000593	
000000000007000646	
000000000007000647	
000000000007000649	
000000000007000650	
000000000007000652	
000000000007000653	
000000000007000657	
000000000007000658	
000000000007000666	
000000000007000667	
000000000007000673	
000000000007000678	
000000000007000682	
000000000007000705	
000000000007000731	
000000000007000732	
000000000007000735	
000000000007000738	
000000000007000739	
000000000007000740	
000000000007000743	
000000000007000744	
000000000007000746	
000000000007000769	
000000000007000771	
000000000007000777	
000000000007000861	
000000000007000862	
000000000007001311	
000000000007001312	
000000000007001316	
000000000007001318	
000000000007001319	
000000000007001321	
000000000007001322	
000000000007002093	
000000000007002094	
000000000004002316	
000000000004000222	
000000000004000223	
000000000004002310	
000000000004002314	
000000000004002948	
000000000004003385	
000000000004004454	
000000000007002003	
000000000004000190	
000000000004000257	
000000000004000280	
000000000004001759	
000000000004001771	
000000000004001772	
000000000004001800	
000000000004002172	
000000000004002320	
000000000004003805	
000000000004004583	
000000000004004584	
000000000004004606	
000000000004004601	
000000000004004607	
000000000004004609	
000000000004004611	
000000000007000660	
000000000007000755	
000000000007000754	
000000000007002095	
000000000004000261	
000000000004000254	
000000000004002430	
000000000004003300	
000000000004002434	
000000000007001219	
000000000004005018	
000000000004002174	
000000000007000776	
000000000007000779	
000000000007000780	
000000000004001831	
000000000008000047	
000000000007000827	
000000000004001693	
000000000007000286	
000000000004000328	
000000000004001988	
000000000004003822	
000000000007000115	
000000000007001076	
000000000004000218	
000000000007002296	
000000000004002662	
000000000007001221	
000000000004002661	
000000000004002663	
000000000007001215	
000000000007001217	
000000000004002308	
000000000007000322	
000000000007001324	
000000000004003301	
000000000007000775	
000000000007002091	
000000000007000049	
000000000007000448	
000000000004003277	
000000000004002303	
000000000004002191	
000000000004003472	
000000000007001666	
000000000004003783	
000000000007001637	
000000000004001985	
000000000004001986	
000000000004001987	
000000000004000037	
000000000004001657	
000000000007000141	
000000000007000142	
000000000007002086	
000000000004002400	
000000000004002401	
000000000004002402	
000000000004002403	
000000000004002405	
000000000004002706	
000000000004001990	
000000000007000012	
000000000004000270	
000000000007001463	
000000000007001450	
000000000004000370	
000000000007001596	
000000000004000258	
000000000007001615	
000000000007001466	
000000000007000147	
000000000007000668	
000000000007000153	
000000000007001459	
000000000007000801	
000000000007000211	
000000000007000770	
000000000007000772	
000000000007000773	
000000000007000737	
000000000007000741	
000000000004000302	
000000000007000150	
000000000004000340	
000000000004001646	
000000000004002964	
000000000004002967	
000000000004002968	
000000000004002969	
000000000004002971	
000000000004002972	
000000000004002973	
000000000004002974	
000000000004002975	
000000000004002976	
000000000004002977	
000000000004002978	
000000000004002980	
000000000004002981	
000000000004002982	
000000000004002983	
000000000004002984	
000000000004002985	
000000000004002986	
000000000004002987	
000000000004002988	
000000000004002989	
000000000004002990	
000000000004002991	
000000000004002992	
000000000004002993	
000000000004002994	
000000000004002995	
000000000004002998	
000000000004002999	
000000000004003002	
000000000004003003	
000000000004003004	
000000000004003005	
000000000004003006	
000000000004003007	
000000000004003008	
000000000004003010	
000000000004003009	
000000000004003011	
000000000004004391	
000000000004004471	
000000000004004472	
000000000004004523	
000000000004004525	
000000000007001387	
000000000007001388	
000000000007001389	
000000000007001390	
000000000007001391	
000000000007001392	
000000000007001393	
000000000007001394	
000000000007001395	
000000000007001396	
000000000007001397	
000000000007001400	
000000000007001401	
000000000007001403	
000000000007001404	
000000000007001405	
000000000007001406	
000000000007001408	
000000000007001409	
000000000007001410	
000000000007001411	
000000000007001412	
000000000007001414	
000000000007001413	
000000000007001415	
000000000007001416	
000000000007001418	
000000000007001421	
000000000007001422	
000000000007001423	
000000000007001424	
000000000007001425	
000000000007001426	
000000000007001427	
000000000007001428	
000000000007001429	
000000000007001432	
000000000007001433	
000000000007001434	
000000000007001436	
000000000007001437	
000000000007001438	
000000000007001439	
000000000007002073	
000000000007000323	
000000000007000375	
000000000007001645	
000000000007001462	
000000000007000619	
000000000004002581	
000000000004002534	
000000000004002451	
000000000004002275	
000000000004002206	
000000000004002305	
000000000006000327	
000000000006000326	
000000000006000320	
000000000006000319	
000000000006000318	
000000000006000306	
000000000006000303	
000000000006000302	
000000000006000301	
000000000006000300	
000000000006000296	
000000000006000291	
000000000006000268	
000000000006000263	
000000000004003040	
000000000004003024	
000000000004003022	
000000000004003330	
000000000004000170	
000000000004002531	
000000000006000451	
000000000006000333	
000000000004002313	
000000000004003973	
000000000004003948	
000000000004003932	
000000000004003902	
000000000004003787	
000000000004003687	
000000000004003686	
000000000004003684	
000000000004003539	
000000000004003538	
000000000004003505	
000000000004003503	
000000000004003318	
000000000004003315	
000000000004003314	
000000000004003013	
000000000004002853	
000000000004002833	
000000000004002832	
000000000004002783	
000000000004002782	
000000000004002771	
000000000004002737	
000000000004002731	
000000000004002730	
000000000004002729	
000000000004002493	
000000000004002863	
000000000004002862	
000000000004002859	
000000000004002690	
000000000004002210	
000000000004002202	
000000000004002201	
000000000007000839	
000000000004001784	
000000000004001785	
000000000004003981	
000000000004003368	
000000000004001993	
000000000004002865	
000000000007001304	
000000000004004171	
000000000004000282	
000000000004004209	
000000000004004210	
000000000004000297	
000000000008000015	
000000000008000011	
000000000008000060	
000000000008000035	
000000000004000053	
000000000004000295	
000000000004004089	
000000000008000131	
000000000008000132	
000000000008000133	
000000000004000085	
000000000004001700	
000000000004002727	
000000000004004412	
000000000004004411	
000000000007002051	
000000000007000403	
000000000004003566	
000000000007002070	
000000000007002056	
000000000007002054	
000000000008000134	
000000000004004563	
000000000004004566	
000000000008000187	
000000000008000188	
000000000004000296	
000000000004000298	
000000000004000299	
000000000004001847	
000000000004001852	
000000000004001853	
000000000004001930	
000000000004001931	
000000000004001932	
000000000004002040	
000000000004002041	
000000000004002042	
000000000004003473	
000000000004003916	
000000000004003917	
000000000004003467	
000000000004003470	
000000000004003475	
000000000007001327	
000000000007001337	
000000000007001505	
000000000007001506	
000000000007001540	
000000000007001541	
000000000007001551	
000000000004000189	
000000000004004602	
000000000004004616	
000000000004001997	
000000000004002131	
000000000004002421	
000000000004000206	
000000000004001914	
000000000004003476	
000000000004004647	
000000000007001513	
000000000007001511	
000000000004002386	
000000000004002419	
000000000004002418	
000000000004003540	
000000000004003904	
000000000007001162	
000000000004002831	
000000000004004710	
000000000007001305	
000000000007002142	
000000000007001504	
000000000004002808	
000000000007001308	
000000000004003504	
000000000004004776	
000000000004004172	
000000000007001775	
000000000004003383	
000000000004003384	
000000000004003386	
000000000004003423	
000000000007001515	
000000000007001519	
000000000007001521	
000000000004004831	
000000000004004849	
000000000004004855	
000000000004004857	
000000000004004862	
000000000004004874	
000000000004004877	
000000000004004889	
000000000004000139	
000000000004003453	
000000000004003458	
000000000004003452	
000000000004002513	
000000000007001930	
000000000004004946	
000000000004003562	
000000000004005161	
000000000004005151	
000000000008000024	
000000000004001977	
000000000004003369	
000000000004004052	
000000000004005083	
000000000007001161	
000000000004000193	
000000000004005295	
000000000007001315	
000000000007001328	
000000000007001330	
000000000007001334	
000000000007001335	
000000000007001336	
000000000007001338	
000000000004002870	
000000000004003332	
000000000004002307	
000000000004002417	
000000000004002420	
000000000004000285	
000000000004005576	
000000000004005557	
000000000004005293	
000000000004005510	
000000000004005254	
000000000004003900	
000000000004004691	
000000000004005469	
000000000004005074	
000000000007002384	
000000000004002864	
000000000004002866	
000000000004003872	
000000000007001024	
000000000007001028	
000000000004005586	
000000000004005585	
000000000004004608	
000000000004004613	
000000000004004988	
000000000004005719	
000000000007002430	
000000000004003567	
000000000004005681	
000000000004005217	
000000000004003899	
000000000004005291	
000000000007001742	
000000000004004662	
000000000004005901	
000000000004005902	
000000000004005903	
000000000004005909	
000000000004000184	
000000000007001314	
000000000007000383	
000000000004002304	
000000000007000109	
000000000007000017	
000000000007000016	
000000000007002464	
000000000006000463	
000000000006000305	
000000000006000297	
000000000006000295	
000000000007000876	
000000000007000878	
000000000004000142	
000000000004001721	
000000000004001722	
000000000004001723	
000000000004001724	
000000000007000500	
000000000007000382	
000000000004000084	
000000000007000321	
000000000004000082	
000000000007000449	
000000000004001743	
000000000004001741	
000000000004000017	
000000000004000317	
000000000004000318	
000000000004000321	
000000000004001633	
000000000004001634	
000000000004001635	
000000000007000043	
000000000007000598	
000000000004005998	
000000000007000123	
000000000004005923	
000000000004005922	
000000000004001786	
000000000004005963	
000000000006000464	
000000000006000405	
000000000004005727	
000000000004006069	
000000000004006034	
000000000004006035	
000000000004005702	
000000000004005542	
000000000007002442	
000000000007002444	
000000000004006085	
000000000007002503	
000000000007002443	
000000000004006068	
000000000004005926	
000000000004000027	
000000000004005811	
000000000004005813	
000000000004006104	
000000000004006109	
