MATNR	VERPR	PEINH
000000000004000349	50.63	1000
000000000007000043	200.00	1000
000000000004002792	68.50	1000
000000000004001372	110.14	1000
000000000004004368	578.30	1000
000000000004000369	6.88	1000
000000000004001144	13.61	1000
000000000004001187	45.18	1000
000000000004001334	11.96	1000
000000000004001398	10.04	1000
000000000004001235	80.89	1000
000000000004003829	41.73	1000
000000000004001244	530.11	1000
000000000004000404	38.47	1000
000000000004001345	127.47	1000
000000000004001502	133.09	1000
000000000004000365	8.75	1000
000000000004000366	13.92	1000
000000000004002197	2.81	1000
000000000004005963	109.00	1000
000000000004001582	84.65	1000
000000000004003155	114741.94	1000
000000000004005017	114.15	1000
000000000004000340	8.76	1000
000000000004001579	18.34	1000
000000000004000363	1.87	1000
000000000004000376	1.98	1000
000000000007002225	368.01	1000
000000000004000377	25.27	1000
000000000004000388	84.23	1000
000000000007002422	221.01	1000
000000000004003290	16.14	1000
000000000004001534	70.83	1000
000000000004001197	225.53	1000
000000000004001228	47.68	1000
000000000004001236	14.95	1000
000000000004001264	30.00	1000
000000000004001298	7.07	1000
000000000004001307	47.81	1000
000000000004001338	44.02	1000
000000000004001355	77.26	1000
000000000004001360	63.93	1000
000000000007001012	69.17	1000
000000000004001451	13.56	1000
000000000004001470	55.27	1000
000000000007002424	198.00	1000
000000000004005156	3.19	1
000000000004005675	680.00	1000
000000000007002423	194.00	1000
000000000004001509	182.57	1000
000000000004001510	41.72	1000
000000000004001527	52.75	1000
000000000004001530	48.87	1000
000000000004005872	461.87	1000
000000000007000012	1196.94	1000
000000000004001308	79.77	1000
000000000004001567	48.00	1000
000000000004001569	2957.44	1000
000000000004000645	61.11	1000
000000000004001570	1265.01	1000
000000000004001576	6.59	1000
000000000004001460	99.51	1000
000000000004001162	54.68	1000
000000000004001580	11.08	1000
000000000004001169	35.88	1000
000000000004000359	11.84	1000
000000000004001581	254.93	1000
000000000004001589	69.40	1000
000000000004001356	32.72	1000
000000000004001927	14.98	1000
000000000004001949	55.68	1000
000000000004001950	58.74	1000
000000000004002001	5.79	1000
000000000004003156	8.59	1000
000000000004003157	15.30	1000
000000000004003158	16.25	1000
000000000004003233	14.57	1000
000000000004003237	134.04	1000
000000000004003240	391.05	1000
000000000004003270	4031.07	1000
000000000004003271	6711.81	1000
000000000004003275	76.85	1000
000000000004003283	77.46	1000
000000000004003444	110.60	1000
000000000004001186	12.78	1000
000000000004001191	158.11	1000
000000000004004142	57.97	1000
000000000004006016	272.00	1000
000000000004001535	151.55	1000
000000000004004150	88.27	1000
000000000004001403	6.56	1000
000000000004001537	715.10	1000
000000000004004299	352.32	1000
000000000004004304	92.28	1000
000000000004001279	43.53	1000
000000000004004369	78.64	1000
000000000004004760	484.16	1000
000000000004004370	401.61	1000
000000000004005202	18.01	1000
000000000006000304	4000.00	1000
000000000006000298	0.09	1
000000000007000954	270.00	1000
000000000007000955	220.00	1000
000000000007000956	340.00	1000
000000000004002395	51.99	1000
000000000004002396	52.00	1000
000000000004001982	0.40	1
000000000004001983	0.47	1
000000000007001071	173.11	1000
000000000007001086	140.00	1000
000000000007000670	0.14	1
000000000007001015	87.74	1000
000000000007001307	80.00	1000
000000000007001597	127.45	1000
000000000007000812	1.62	1
000000000007001572	138.13	1000
000000000007001214	920.00	1000
000000000006000299	24.85	50
000000000006000277	631.40	1000
000000000007000957	93.00	1000
000000000007001813	26.10	1000
000000000007001076	202.74	1000
000000000004004348	7.31	1000
000000000004005336	343.99	1000
000000000004004323	24.18	1000
000000000004002419	15.40	1
000000000004002420	20.96	1
000000000004005337	50.15	1000
000000000004005441	481.11	1000
000000000004005436	481.12	1000
000000000004002417	16.10	1
000000000004004941	667.14	1000
000000000004005516	168.95	1000
000000000004000273	0.48	1
000000000004005491	477.97	1000
000000000007001751	453.98	1000
000000000007001765	1115.99	1000
000000000004005343	282.96	1000
000000000004005344	687.00	1000
000000000004005661	169.65	1000
000000000004005406	41.70	1000
000000000004000439	83.99	1000
000000000004001254	34.77	1000
000000000004001259	830.17	1000
000000000004001443	24.19	1000
000000000004001337	89.55	1000
000000000004001371	3.71	1000
000000000004005755	13.24	1000
000000000004001376	346.43	1000
000000000004001483	55.09	1000
000000000004001487	13.73	1000
000000000004002794	121.84	1000
000000000007001303	7.13	1000
000000000004005997	215.00	1000
000000000004006002	331.52	1000
000000000007001467	451.58	1000
000000000007002504	254.02	1000
000000000004003211	561.46	1000
000000000004004141	50.40	1000
000000000004001463	84.28	1000
000000000007000733	1151.36	1000
000000000007000533	19.64	1000
000000000007001745	454.01	1000
000000000007001747	730.22	1000
000000000007001748	732.16	1000
000000000007001758	113.52	1000
000000000007001759	620.36	1000
000000000007001760	222.83	1000
000000000007001761	609.25	1000
000000000007001762	113.51	1000
000000000007001767	222.84	1000
000000000007001769	610.31	1000
000000000008000107	352.72	1000
000000000007001073	115.00	1000
000000000004001988	660.00	1000
000000000004001809	660.00	1000
000000000008000117	203.21	1000
000000000007001791	21.49	1000
000000000007001792	25.45	1000
000000000007001793	18.01	1000
000000000007001794	32.14	1000
000000000007001809	68.00	1000
000000000007001891	53.17	1000
000000000007001892	39.87	1000
000000000004002446	1450.51	1000
000000000004002447	1439.60	1000
000000000004002448	1457.08	1000
000000000004001153	15.30	1000
000000000007002387	48.71	1000
000000000007000891	0.03	1
000000000004002241	27.94	1000
000000000004002858	69.41	1000
000000000007001027	46.20	1000
000000000004001981	238.72	1000
000000000007000890	1148.09	1000
000000000007000892	30.67	1000
000000000007001099	1300.59	1000
000000000007001100	24.66	1000
000000000007001016	87.96	1000
000000000007001018	87.62	1000
000000000007001070	90.53	1000
000000000007001080	147.46	1000
000000000004002000	30.96	1000
000000000004002194	43.10	1000
000000000004001963	15.45	1000
000000000004002157	264.00	1000
000000000004001948	277.00	1000
000000000004001955	19.61	1000
000000000004001956	27.50	1000
000000000004001960	8.69	1000
000000000004001962	5.00	1000
000000000004002600	1768.00	1000
000000000007001746	200.00	1000
000000000004000399	24.09	1000
000000000004001241	33.49	1000
000000000004001881	116.49	1000
000000000004002002	34.00	1000
000000000004002096	250.00	1000
000000000004003400	35.03	1000
000000000004003399	9.60	1000
000000000004003463	37.45	1000
000000000004002010	107.64	1000
000000000004002011	107.64	1000
000000000004002012	107.64	1000
000000000004002330	55.00	1000
000000000007000671	396.04	1000
000000000004002327	901.83	1000
000000000007001291	142.86	1000
000000000004002612	106.75	1000
000000000004003797	18.90	1000
000000000004003542	79.63	1000
000000000004002866	102.02	1000
000000000004001438	864.14	1000
000000000004001439	16.53	1000
000000000004001440	78.96	1000
000000000004003827	70.35	1000
000000000004002764	49.89	1000
000000000004001879	102.30	1000
000000000004001605	149.56	1000
000000000004001872	503.80	1000
000000000004001873	100.66	1000
000000000004001875	104.80	1000
000000000004001935	35.60	1000
000000000004002117	45.00	1000
000000000004002123	90.48	1000
000000000004002124	50.15	1000
000000000004002934	39.10	1000
000000000004002932	3850.03	1000
000000000004001262	37.68	1000
000000000004002237	13.79	1000
000000000004001285	112.66	1000
000000000004002295	121.19	1000
000000000004002316	581.93	1000
000000000004002333	471.76	1000
000000000004002704	1307.23	1000
000000000004001379	84.00	1000
000000000004001434	43.67	1000
000000000004002412	131.69	1000
000000000004001427	10.16	1000
000000000004003219	248.35	1000
000000000004003664	920.21	1000
000000000004003420	156.10	1000
000000000007001231	934.10	1000
000000000007001638	1071.40	1000
000000000004001810	1761.25	1000
000000000004000265	683.98	1000
000000000004001302	46.71	1000
000000000007001934	171.00	1000
000000000004002331	552.85	1000
000000000004003421	51.16	1000
000000000007001974	161.00	1000
000000000007001972	102.00	1000
000000000007001975	161.00	1000
000000000004002324	537.53	1000
000000000004002325	56.30	1000
000000000004002326	86.01	1000
000000000004002337	56.30	1000
000000000004002338	971.56	1000
000000000004002340	357.44	1000
000000000004002461	473.84	1000
000000000004002463	451.36	1000
000000000004002465	79.59	1000
000000000004002627	544.84	1000
000000000004002798	549.12	1000
000000000004002801	549.12	1000
000000000004003278	1850.00	1000
000000000004005260	336.68	1000
000000000004001484	98.78	1000
000000000004003427	26.43	1000
000000000008000024	1899.47	1000
000000000004004238	50.37	1000
000000000004001958	7.87	1000
000000000004003443	14.00	1000
000000000004004319	39.41	1000
000000000004004322	28.74	1000
000000000004004934	19.24	1000
000000000004001446	277.95	1000
000000000004001951	95.69	1000
000000000004003894	320.00	1000
000000000004004382	204.00	1000
000000000004003210	278.77	1000
000000000004004378	83.68	1000
000000000004003212	1005.95	1000
000000000004003886	130.98	1000
000000000004003887	292.26	1000
000000000004001611	221.86	1000
000000000004002149	214.23	1000
000000000004001447	61.01	1000
000000000004001480	797.40	1000
000000000004002383	398.67	1000
000000000004003243	166.40	1000
000000000004003694	83.61	1000
000000000004004695	1871.86	1000
000000000004001198	22.99	1000
000000000004001219	18.83	1000
000000000004001301	77.35	1000
000000000004001430	28.06	1000
000000000004002118	180.20	1000
000000000004002690	22.87	1000
000000000004003262	58.00	1000
000000000004004114	488.11	1000
000000000004000380	21.05	1000
000000000004002347	398.49	1000
000000000004002791	153.00	1000
000000000004004149	82.00	1000
000000000004001212	273.13	1000
000000000004004020	19.20	1000
000000000004003497	151.55	1000
000000000004002789	284.00	1000
000000000004002357	14.40	1000
000000000004004244	235.00	1000
000000000004004321	191.19	1000
000000000004000419	43.79	1000
000000000004001340	199.49	1000
000000000004002154	108.84	1000
000000000004002122	74.60	1000
000000000004004050	15.22	1000
000000000004004055	11.75	1000
000000000004004056	8.00	1000
000000000004004158	793.00	1000
000000000004003220	61.82	1000
000000000004005360	1394.99	1000
000000000004003885	320.69	1000
000000000004002598	6236.95	1000
000000000004005080	168.46	1000
000000000004005257	128.87	1000
000000000004004401	102.88	1000
000000000004002003	37.45	1000
000000000004002093	42.41	1000
000000000004003574	20.61	1000
000000000004003580	75.71	1000
000000000004003583	105.90	1000
000000000004003585	585.34	1000
000000000004003586	59.00	1000
000000000004003587	321.93	1000
000000000004003589	500.00	1000
000000000004002136	1508.08	1000
000000000004001961	135.00	1000
000000000004003287	493.95	1000
000000000004003389	2530.15	1000
000000000004003288	76.15	1000
000000000004003696	2300.00	1000
000000000004003841	195.00	1000
000000000004003697	201.22	1000
000000000004004309	40.19	1000
000000000007002356	420.00	1000
000000000004003173	109.00	1000
000000000004003242	170.00	1000
000000000004003285	2.70	1000
000000000004003830	35.20	1000
000000000004003832	325.00	1000
000000000004003838	145.00	1000
000000000004002931	32.00	1000
000000000004003372	261.99	1000
000000000004003264	10980.09	1000
000000000004004027	14.65	1000
000000000004004152	311.20	1000
000000000004003844	179.34	1000
000000000004005479	354.99	1000
000000000004005442	120.49	1000
000000000007002346	94.00	1000
000000000004005493	1103.12	1000
000000000004004811	165.40	1000
000000000004003612	43.42	1000
000000000004005439	120.51	1000
000000000004004491	362.15	1000
000000000004005081	15.29	1000
000000000007002347	94.00	1000
000000000004003401	7.98	1000
000000000004005492	1530.53	1000
000000000004005440	179.28	1000
000000000004003644	420.40	1000
000000000004003648	557.14	1000
000000000004004184	470.35	1000
000000000004004241	896.09	1000
000000000004004678	697.23	1000
000000000004004681	1063.37	1000
000000000004004990	657.51	1000
000000000007001074	62.09	1000
000000000007001444	105.61	1000
000000000007001446	142.20	1000
000000000007001466	245.57	1000
000000000007001615	150.59	1000
000000000007001618	85.25	1000
000000000007001902	176.78	1000
000000000007001926	282.00	1000
000000000007001927	144.00	1000
000000000007002100	192.00	1000
000000000007002121	360.00	1000
000000000007002148	245.34	1000
000000000007002166	229.02	1000
000000000007002224	370.00	1000
000000000007002357	94.01	1000
000000000007001024	660.99	1000
000000000007001028	73.63	1000
000000000007001596	128.51	1000
000000000007001622	153.77	1000
000000000007001744	2300.58	1000
000000000008000072	1124.89	1000
000000000008000073	1126.07	1000
000000000008000074	169.65	1000
000000000008000075	30.83	1000
000000000008000076	31.07	1000
000000000008000077	32.62	1000
000000000008000079	32.61	1000
000000000008000082	29.32	1000
000000000004005522	164.07	1000
000000000004005521	938.47	1000
000000000004004035	251.79	1000
000000000004002859	171.89	1000
000000000004003940	77.36	1000
000000000004003941	185.00	1000
000000000007002355	157.99	1000
000000000004004183	521.60	1000
000000000004004188	663.89	1000
000000000004004455	542.96	1000
000000000004004458	297.00	1000
000000000004004459	965.59	1000
000000000004004622	490.05	1000
000000000004004684	95.40	1000
000000000004005013	598.76	1000
000000000004005438	207.99	1000
000000000004005443	216.01	1000
000000000007001440	60.00	1000
000000000007001441	206.00	1000
000000000007001442	60.00	1000
000000000007001443	92.02	1000
000000000007001445	79.68	1000
000000000007001451	68.00	1000
000000000007001454	67.99	1000
000000000007001668	195.01	1000
000000000007002006	120.00	1000
000000000007002120	141.01	1000
000000000007002193	404.17	1000
000000000007002207	321.99	1000
000000000007002344	144.02	1000
000000000007002345	143.97	1000
000000000007002350	216.02	1000
000000000007002354	94.01	1000
000000000007000298	340.00	1000
000000000004001957	14.63	1000
000000000004005052	136.94	1000
000000000004004302	371.63	1000
000000000004005058	248.74	1000
000000000004005066	741.81	1000
000000000004004096	237.05	1000
000000000004004120	264.00	1000
000000000004003291	116.50	1000
000000000004003892	62.77	1000
000000000004004090	67.90	1000
000000000004003224	5843.69	1000
000000000004003450	5.80	1000
000000000004003461	51.50	1000
000000000004003891	130.60	1000
000000000004003901	25.42	1000
000000000004003227	55.93	1000
000000000004003229	138.65	1000
000000000004003828	244.13	1000
000000000004003286	24.64	1000
000000000004003289	86.14	1000
000000000004003442	34.40	1000
000000000004004381	11.52	1000
000000000004004756	25.00	1000
000000000007002374	576.00	1000
000000000004001256	33.90	1000
000000000004001876	79.30	1000
000000000004003611	834.53	1000
000000000004003616	1078.19	1000
000000000004004814	112.75	1000
000000000004005060	1314.24	1000
000000000004005133	1660.00	1000
000000000004004307	36.74	1000
000000000004003116	316.09	1000
000000000004003615	234.21	1000
000000000004005523	80.24	1000
000000000004002349	88.98	1000
000000000004004808	69.17	1000
000000000004005480	297.50	1000
000000000004001329	80.13	1000
000000000004004091	80.92	1000
000000000004001217	133.03	1000
000000000004001959	23.51	1000
000000000004002094	299.96	1000
000000000004002121	8.19	1000
000000000004002362	101.13	1000
000000000004002864	214.79	1000
000000000004005261	924.23	1000
000000000004005478	303.99	1000
000000000004005524	64.94	1000
000000000004001938	112.00	1000
000000000004004821	84.20	1000
000000000004005624	550.55	1000
000000000007001450	93.18	1000
000000000004005259	152.48	1000
000000000004001266	225.28	1000
000000000004003614	119.00	1000
000000000004005128	57.32	1000
000000000004005132	97.85	1000
000000000004005126	86.47	1000
000000000004003998	255.75	1000
000000000004005620	453.61	1000
000000000007000734	179.00	1000
000000000004005621	171.35	1000
000000000004005627	171.35	1000
000000000004005000	1514.11	1000
000000000007002209	221.00	1000
000000000007001463	252.90	1000
000000000004001990	357.14	1000
000000000004003496	111.32	1000
000000000004003667	254.22	1000
000000000004003669	5.58	1000
000000000007000480	483.99	1000
000000000004004593	9550.75	1000
000000000004001491	23.29	1000
000000000004001415	106.65	1000
000000000004001492	131.97	1000
000000000004003668	288.00	1000
000000000004004620	464.06	1000
000000000004005775	603.76	1000
000000000004002219	5.62	1000
000000000004002098	33.11	1000
000000000004004301	278.35	1000
000000000004003703	259.17	1000
000000000007002330	1418.25	1000
000000000004003824	16.36	1000
000000000004004812	426.80	1000
000000000004005682	6975.06	1000
000000000004004308	39.00	1000
000000000004001432	13.80	1000
000000000004005683	383.98	1000
000000000004004177	201.49	1000
000000000004003230	151.05	1000
000000000004005242	495.76	1000
000000000004003176	8.34	1000
000000000004003182	34.37	1000
000000000004003183	24.00	1000
000000000004003390	17.00	1000
000000000004005461	47.65	1000
000000000004003179	315.70	1000
000000000004003181	202.58	1000
000000000004003837	695.62	1000
000000000004002862	60.24	1000
000000000004003388	51.45	1000
000000000004005059	6180.05	1000
000000000004005582	492.33	1000
000000000004004373	7.68	1000
000000000004004374	6.54	1000
000000000007002373	176.19	1000
000000000004005511	478.08	1000
000000000004003203	72.44	1000
000000000004003815	42.40	1000
000000000004003816	269.51	1000
000000000004003880	96.20	1000
000000000004004371	10.58	1000
000000000004003528	2010.67	1000
000000000004003529	621.96	1000
000000000004004205	15.27	1000
000000000004003701	53.30	1000
000000000004001255	10.45	1000
000000000004004457	258.93	1000
000000000007002124	593.01	1000
000000000004001364	20.71	1000
000000000004003292	24.57	1000
000000000004001139	390.55	1000
000000000004003226	502.66	1000
000000000004003373	197.50	1000
000000000004003704	136.23	1000
000000000004003996	222.63	1000
000000000004004298	121.63	1000
000000000004005127	230.10	1000
000000000004005286	422.46	1000
000000000004004676	52.40	1000
000000000004003204	52.79	1000
000000000004003643	181.93	1000
000000000004004810	215.01	1000
000000000004005684	262.27	1000
000000000004000370	25.18	1000
000000000004005061	24.87	1000
000000000004001230	49.39	1000
000000000004003294	81.82	1000
000000000004003982	109.45	1000
000000000004005134	578.56	1000
000000000004005685	75.93	1000
000000000004001412	138.22	1000
000000000004003839	99.71	1000
000000000004004026	131.39	1000
000000000004003462	104.06	1000
000000000004003617	103.72	1000
000000000004001177	24.71	1000
000000000004001401	113.75	1000
000000000004003654	28.55	1000
000000000004001195	63.47	1000
000000000004001146	22.44	1000
000000000004003881	45.46	1000
000000000004001880	248.16	1000
000000000004003997	428.04	1000
000000000004005051	105.58	1000
000000000004005686	120.01	1000
000000000004001214	2.05	1000
000000000007001085	1136.14	1000
000000000004001304	225.57	1000
000000000004005053	92.84	1000
000000000007001534	27.25	1000
000000000007001535	156.33	1000
000000000007001933	211.00	1000
000000000004004648	164.19	1000
000000000004005873	164.19	1000
000000000004005776	1456.07	1000
000000000004005559	684.20	1000
000000000007001448	86.99	1000
000000000007001452	97.39	1000
000000000007001453	60.00	1000
000000000007001456	165.00	1000
000000000007001457	170.00	1000
000000000007001619	54.50	1000
000000000004002013	106.10	1000
000000000004003530	58.72	1000
000000000004001600	297.92	1000
000000000004005894	75.00	1000
000000000004005893	138.74	1000
000000000004003165	281.85	1000
000000000004003150	65.40	1000
000000000004003241	34.85	1000
000000000004002936	4.99	1000
000000000004002935	359.89	1000
000000000004004085	52.34	1000
000000000004003113	223.46	1000
000000000004003159	8.66	1000
000000000004003163	882.28	1000
000000000004003164	671.61	1000
000000000004003166	364.64	1000
000000000004003148	384.22	1000
000000000004005774	469.64	1000
000000000007002446	252.03	1000
000000000007002445	312.01	1000
000000000004005667	7.24	1000
000000000004003149	136.04	1000
000000000004001280	22.70	1000
000000000004003324	20.42	1000
000000000004003146	539.88	1000
000000000004003152	456.50	1000
000000000004003117	22.79	1000
000000000004002380	56.66	1000
000000000004003323	1868.90	1000
000000000004004621	585.72	1000
000000000004004679	591.09	1000
000000000004004682	95.40	1000
000000000004003650	244.60	1000
000000000004003221	304.80	1000
000000000004001444	105.32	1000
000000000004003642	63.56	1000
000000000004003225	499.21	1000
000000000004003293	280.00	1000
000000000004003649	86.57	1000
000000000004003295	66.47	1000
000000000004002381	108.14	1000
000000000004001163	29.81	1000
000000000004002553	4.57	1000
000000000007002481	369.00	1000
000000000007002482	462.01	1000
000000000004005853	21.36	1000
000000000004003432	21.04	1000
000000000004003431	21.00	1000
000000000004004984	501.68	1000
000000000004005098	459.77	1000
000000000004005818	652.98	1000
000000000004005897	35.39	1000
000000000004005896	47.67	1000
000000000004002148	130.86	1000
000000000004003335	25.23	1000
000000000004005891	205.20	1000
000000000004002705	339.16	1000
000000000004002706	145.00	1000
000000000007001459	20.00	1000
000000000004005865	575.67	1000
000000000004003172	66.03	1000
000000000004002664	15.06	1000
000000000004002665	382.30	1000
000000000004005869	164.19	1000
000000000004002762	555.86	1000
000000000007002019	661.43	1000
000000000007002020	380.00	1000
000000000007002086	1258.73	1000
000000000004003151	534.26	1000
000000000004003952	349.02	1000
000000000004003171	89.29	1000
000000000004003174	88786.67	1000
000000000004003239	1347.88	1000
000000000004003326	253.18	1000
000000000004005666	132.66	1000
000000000007002477	221.00	1000
000000000004001272	52.15	1000
000000000004001448	265.36	1000
000000000004003325	193.28	1000
000000000004003147	68.65	1000
000000000004001296	293.45	1000
000000000004002937	33.57	1000
000000000004003266	390.03	1000
000000000007002478	221.03	1000
000000000007002476	337.00	1000
000000000004003223	631.53	1000
000000000004001243	83.40	1000
000000000004002240	16.93	1000
000000000004005339	142.00	1000
000000000004003177	40.26	1000
000000000004003235	7.45	1000
000000000004003238	385.01	1000
000000000004005243	584.51	1000
000000000004005245	598.68	1000
000000000004005866	584.42	1000
000000000007002447	312.00	1000
000000000007002479	354.99	1000
000000000004002938	850.00	1000
000000000004001467	957.33	1000
000000000004001488	82.38	1000
000000000004001248	38.32	1000
000000000004002099	92.62	1000
000000000004003371	81.05	1000
000000000004003433	70.06	1000
000000000004003279	20.67	1000
000000000004003273	11.97	1000
000000000004003267	231.05	1000
000000000004003845	387.97	1000
000000000004003836	480.44	1000
000000000004001568	29.50	1000
000000000004003702	19.02	1000
000000000004003840	40.72	1000
000000000004003170	31.88	1000
000000000004001578	117.00	1000
000000000004003236	44.14	1000
000000000004003842	27.48	1000
000000000004004012	360.67	1000
000000000004003378	22.02	1000
000000000004002005	30.54	1000
000000000004002097	7.93	1000
000000000004002599	40.29	1000
000000000004001939	406.50	1000
000000000004002115	26.98	1000
000000000004003353	115.94	1000
000000000004005082	336.67	1000
000000000004001940	11.04	1000
000000000004002196	187.51	1000
000000000004003354	181.24	1000
000000000004002865	6.37	1000
000000000004003111	9.93	1000
000000000004003579	84.30	1000
000000000004001299	36.84	1000
000000000004002348	178.39	1000
000000000004003352	331.95	1000
000000000004004053	10.94	1000
000000000004002198	115.74	1000
000000000004002126	50.30	1000
000000000004003101	47.94	1000
000000000004003103	18.89	1000
000000000004003106	34.92	1000
000000000004003268	32.02	1000
000000000004003851	11.69	1000
000000000007002260	266.00	1000
000000000004000387	93.39	1000
000000000004001445	397.55	1000
000000000004004046	27.73	1000
000000000004002249	429.46	1000
000000000004002114	1768.01	1000
000000000004002250	454.84	1000
000000000004003387	297.31	1000
000000000004002248	208.92	1000
000000000004003161	7.85	1000
000000000004003272	75.56	1000
000000000004003269	29.54	1000
000000000004001374	28.42	1000
000000000004002199	36.96	1000
000000000004003393	16.79	1000
000000000004003438	9.00	1000
000000000004003449	6.64	1000
000000000004003102	19.93	1000
000000000004003234	31.46	1000
000000000004003263	72.24	1000
000000000004004093	36.48	1000
000000000004004094	10.94	1000
000000000004002195	28.45	1000
000000000004005892	181.11	1000
000000000004004902	567.79	1000
000000000007002388	150.00	1000
000000000007002389	150.00	1000
000000000007002390	230.66	1000
000000000007002391	154.08	1000
000000000004003428	29.64	1000
000000000004003265	306.12	1000
000000000007000049	621.05	1000
000000000004004296	57.56	1000
000000000004005241	393.76	1000
000000000004005223	77.71	1000
000000000004002238	15.16	1000
000000000004005603	188.94	1000
000000000004001545	81.02	1000
000000000004003846	296.27	1000
000000000004005876	22.65	1000
000000000004002765	16.80	1000
000000000004003596	62.05	1000
000000000004005756	96.33	1000
000000000004005226	26.64	1000
000000000004005222	49.46	1000
000000000004005224	52.34	1000
000000000004005225	32.32	1000
000000000004001929	358.85	1000
000000000004005191	102.08	1000
000000000007001645	254.00	1000
000000000007002168	183.15	1000
000000000004005625	649.00	1000
000000000004005626	545.78	1000
000000000004001322	293.16	1000
000000000004002360	27.57	1000
000000000004003379	98.76	1000
000000000007002165	337.00	1000
000000000004005099	1489.09	1000
000000000004005001	452.97	1000
000000000004005773	775.90	1000
000000000004003261	86.38	1000
000000000004003843	107.93	1000
000000000004003395	0.26	1
000000000004002948	212.98	1000
000000000004003582	70.83	1000
000000000004003584	42.47	1000
000000000004002116	16.20	1000
000000000004002119	2.60	1000
000000000004002130	21.56	1000
000000000004003835	49.00	1000
000000000004003857	61.81	1000
000000000007001662	335.00	1000
000000000008000033	3847.89	1000
000000000004003620	104.88	1000
000000000004003621	237.99	1000
000000000004003622	164.47	1000
000000000004003623	239.69	1000
000000000007001304	146.78	1000
000000000004003834	52.50	1000
000000000004003858	48.31	1000
000000000004003277	1909.39	1000
000000000007001511	1186.91	1000
000000000007001513	1070.29	1000
000000000004003402	3784.86	1000
000000000004003419	780.00	1000
000000000004002125	81.92	1000
000000000004003562	203.21	1000
000000000004003566	352.72	1000
000000000004004320	63.86	1000
000000000008000037	2066.91	1000
000000000007001462	92.49	1000
000000000004003231	684.00	1000
000000000008000120	2135.00	1000
000000000004004161	2465.00	1000
000000000004003944	780.00	1000
000000000004002101	70.40	1000
000000000004004240	531.56	1000
000000000007001075	149.44	1000
000000000007001101	180.00	1000
000000000007001507	154.00	1000
000000000007001898	283.12	1000
000000000007001899	115.01	1000
000000000007001637	50.16	1000
000000000004003791	17.90	1000
000000000007001728	266.00	1000
000000000007001962	265.00	1000
000000000007001965	1150.00	1000
000000000007001967	376.67	1000
000000000007001968	376.67	1000
000000000007001969	265.00	1000
000000000007001970	265.00	1000
000000000007001971	376.65	1000
000000000007002137	11220.00	1000
000000000007002138	7370.00	1000
000000000004000348	368.03	1000
000000000004003591	533.60	1000
000000000004003831	545.45	1000
000000000004003737	702.00	1000
000000000007001666	81.67	1000
000000000007001465	175.81	1000
000000000007001010	83.39	1000
000000000004003576	24.31	1000
000000000004003581	200.41	1000
000000000004003592	52.81	1000
000000000007001029	35.00	1000
000000000004003382	1115.88	1000
000000000004004021	350.00	1000
000000000004004019	15.87	1000
000000000007002145	114.00	1000
000000000004002027	438.67	1000
000000000004002028	159.22	1000
000000000004002029	270.78	1000
000000000004002030	410.51	1000
000000000004002031	1066.89	1000
000000000004002032	1440.08	1000
000000000004002033	643.96	1000
000000000004002034	1480.65	1000
000000000004002035	614.16	1000
000000000004002036	391.01	1000
000000000004002611	217.89	1000
000000000007001458	60.00	1000
000000000004002960	368.00	1000
000000000007001616	132.43	1000
000000000004002445	758.98	1000
000000000004002444	756.16	1000
000000000004002443	719.79	1000
000000000007002051	1411.00	1000
000000000007002049	538.52	1000
000000000004002421	18.23	1
000000000004003833	65.19	1000
000000000004003893	197.00	1000
000000000004003398	1.96	1000
000000000004002790	98.00	1000
000000000004004148	33.18	1000
000000000004001953	14.95	1000
000000000007002218	2190.00	1000
000000000007001537	156.35	1000
000000000004003575	21.05	1000
000000000004001607	170.95	1000
000000000007002167	115.00	1000
000000000004003501	130.18	1000
000000000004005010	432.45	1000
000000000007000784	1060.71	1000
000000000004003561	4147.23	1000
000000000007001360	682.93	1000
000000000007001361	682.94	1000
000000000007001362	682.83	1000
000000000007001363	682.50	1000
000000000007001364	682.86	1000
000000000007001365	683.00	1000
000000000007001367	678.97	1000
000000000007001368	682.80	1000
000000000007001369	682.88	1000
000000000007001581	128.51	1000
000000000007001582	128.53	1000
000000000007001585	128.51	1000
000000000007001586	128.51	1000
000000000007001588	128.50	1000
000000000007001592	128.51	1000
000000000007001593	128.51	1000
000000000007001594	128.51	1000
000000000007001595	128.52	1000
000000000008000031	2335.63	1000
000000000008000046	2252.32	1000
000000000004004032	623.82	1000
000000000007002210	281.00	1000
000000000004001253	61.01	1000
000000000004003495	259.47	1000
000000000004003798	337.65	1000
000000000007001663	85.66	1000
000000000007001536	27.27	1000
000000000004004242	424.01	1000
000000000007001928	144.00	1000
000000000007002004	226.74	1000
000000000004005023	265.00	1000
000000000004002605	264.40	1000
000000000004001977	1786.98	1000
000000000007001084	98.41	1000
000000000004004903	402.61	1000
000000000007002256	195.00	1000
000000000004004697	251.55	1000
000000000007002244	630.00	1000
000000000007002229	3678.40	1000
000000000007002230	2502.28	1000
000000000004005114	595.36	1000
000000000007001324	1948.48	1000
000000000004003408	558.73	1000
000000000004003647	462.31	1000
000000000004004182	531.38	1000
000000000004004185	1412.38	1000
000000000004004683	595.26	1000
000000000007001900	146.78	1000
000000000004003218	782.50	1000
000000000004003736	786.25	1000
000000000004002346	14.43	1000
000000000007000961	11.96	1000
000000000007000962	11.96	1000
000000000007000963	11.96	1000
000000000007000964	11.96	1000
000000000007000965	11.96	1000
000000000007000966	12.05	1000
000000000007000967	13.02	1000
000000000007000968	13.54	1000
000000000007000969	12.72	1000
000000000007000970	12.05	1000
000000000007000971	11.96	1000
000000000007000972	14.47	1000
000000000007000973	21.11	1000
000000000007000974	14.93	1000
000000000007000975	12.19	1000
000000000007000976	11.80	1000
000000000007000977	11.96	1000
000000000007000978	12.37	1000
000000000007000979	13.91	1000
000000000007000980	11.94	1000
000000000007000981	13.05	1000
000000000007001203	12.07	1000
000000000007001204	11.95	1000
000000000007001205	11.96	1000
000000000007001206	11.95	1000
000000000007001207	11.95	1000
000000000007001208	11.95	1000
000000000007001209	11.95	1000
000000000007001210	11.95	1000
000000000007001211	11.92	1000
000000000007001546	20.00	1000
000000000007001551	20.00	1000
000000000007001608	39.00	1000
000000000007001705	42.26	1000
000000000007001707	46.62	1000
000000000007001709	30.36	1000
000000000007001711	30.26	1000
000000000007001808	26.19	1000
000000000007001810	26.19	1000
000000000007001814	47.67	1000
000000000007001815	26.10	1000
000000000004001250	18.17	1000
000000000004002308	513.15	1000
000000000004004303	5186.00	1000
000000000004005041	73.70	1000
000000000004001609	206.54	1000
000000000004001610	158.46	1000
000000000004001608	171.54	1000
000000000004004688	905.41	1000
000000000004004689	149.65	1000
000000000004004690	778.21	1000
000000000004004699	512.22	1000
000000000004004700	446.62	1000
000000000004005042	24.66	1000
000000000004002382	251.96	1000
000000000004002795	28.10	1000
000000000004005020	550.00	1000
000000000004005022	549.98	1000
000000000004005122	34.91	1000
000000000004004234	68.06	1000
000000000004004235	68.06	1000
000000000004004243	68.06	1000
000000000004002418	13.00	1
000000000004002294	566.64	1000
000000000004002336	471.76	1000
000000000004002464	826.62	1000
000000000004003820	484.34	1000
000000000004003822	456.96	1000
000000000004004239	640.07	1000
000000000004004623	599.91	1000
000000000007001102	121.00	1000
000000000007001305	116.29	1000
000000000007001614	154.21	1000
000000000007001664	364.81	1000
000000000004003167	1163.78	1000
000000000004003123	837.99	1000
000000000004005244	552.68	1000
000000000004001203	40.00	1000
000000000004001454	49.98	1000
000000000004001273	70.00	1000
000000000004001347	300.00	1000
000000000004001315	30.00	1000
000000000004000353	20.00	1000
000000000004000104	545.00	1000
000000000004000315	600.00	1000
000000000004001591	90.00	1000
000000000007000850	41.91	1000
000000000007000371	980.00	1000
000000000004000121	891.63	1000
000000000004001196	22.51	1000
000000000004001179	25.91	1000
000000000004001216	70.00	1000
000000000007000729	660.30	1000
000000000007000730	659.79	1000
000000000007000783	557.14	1000
000000000004001305	89.15	1000
000000000004000149	336.88	1000
000000000007000785	12.17	1000
000000000007000786	11.94	1000
000000000007000787	12.35	1000
000000000007000788	11.84	1000
000000000007000789	11.89	1000
000000000007000790	13.38	1000
000000000007000791	13.49	1000
000000000007000792	13.44	1000
000000000007000793	11.68	1000
000000000007000794	12.45	1000
000000000007000795	11.81	1000
000000000004001462	77.31	1000
000000000004001289	130.00	1000
000000000004001441	120.00	1000
000000000004000347	50.00	1000
000000000004001422	364.53	1000
000000000004000113	400.17	1000
000000000004001318	110.59	1000
000000000004000276	564.26	1000
000000000004000649	90.00	1000
000000000004001194	67.25	1000
000000000004001481	90.00	1000
000000000004000455	240.20	1000
000000000004001189	29.82	1000
000000000004001313	70.00	1000
000000000004001270	70.00	1000
000000000004001420	110.00	1000
000000000004000648	20.00	1000
000000000004001220	55.11	1000
000000000004001287	20.00	1000
000000000004001431	50.00	1000
000000000004001184	50.00	1000
000000000004001423	33.03	1000
000000000004001417	240.00	1000
000000000004001193	25.65	1000
000000000004001286	70.00	1000
000000000004000551	75.55	1000
000000000004001182	7.46	1000
000000000004000050	570.00	1000
000000000004000150	640.00	1000
000000000004000351	20.00	1000
000000000004001207	18.72	1000
000000000004001245	80.00	1000
000000000004001464	167.68	1000
000000000004001314	341.57	1000
000000000007000572	1114.12	1000
000000000007000061	60.00	1000
000000000004001192	185.95	1000
000000000004000339	1.83	1000
000000000004001407	1205.28	1000
000000000004000196	520.00	1000
000000000004000199	910.00	1000
000000000004000201	240.00	1000
000000000004000253	640.00	1000
000000000004000100	265.84	1000
000000000004001260	68.71	1000
000000000004001291	30.00	1000
000000000004001310	62.93	1000
000000000004000647	12.71	1000
000000000004001418	88.92	1000
000000000004000407	54.37	1000
000000000004001252	31.10	1000
000000000004001297	74.06	1000
000000000004002811	16.45	1000
000000000004001292	49.18	1000
000000000004001215	130.00	1000
000000000004001604	164.61	1000
000000000004000372	5.67	1000
000000000004001485	71.78	1000
000000000004001282	38.51	1000
000000000004000279	571.50	1000
000000000004001482	230.00	1000
000000000004001231	46.93	1000
000000000004001261	77.71	1000
000000000004000650	11.16	1000
000000000004001532	18.44	1000
000000000004000360	37.53	1000
000000000004001159	8.28	1000
000000000004001172	39.29	1000
000000000004001592	427.88	1000
000000000007000828	2152.51	1000
000000000007000375	710.00	1000
000000000004000147	348.46	1000
000000000004000389	24.04	1000
000000000004000390	15.52	1000
000000000004001357	23.52	1000
000000000004000382	68.43	1000
000000000004001202	3.45	1000
000000000004001263	40.00	1000
000000000004001511	49.90	1000
000000000004001513	144.26	1000
000000000004001251	666.00	1000
000000000004001258	61.51	1000
000000000004001290	26.35	1000
000000000004001208	31.07	1000
000000000004000406	13.36	1000
000000000004001155	18.72	1000
000000000004001392	4.76	1000
000000000004001603	145.72	1000
000000000004001336	371.28	1000
000000000004000378	24.60	1000
000000000004000405	40.24	1000
000000000004001504	319.51	1000
000000000004001363	8.09	1000
000000000004001168	90.00	1000
000000000004001317	120.07	1000
000000000004001367	279.60	1000
000000000004001486	377.47	1000
000000000004001326	394.81	1000
000000000004001566	111.85	1000
000000000004001311	162.18	1000
000000000004001395	16.31	1000
000000000004000398	10.00	1000
000000000004001181	9.37	1000
000000000004001393	129.69	1000
000000000004001346	86.81	1000
000000000004001349	176.59	1000
000000000004001237	120.03	1000
000000000004001221	31.13	1000
000000000004001284	69.88	1000
000000000004001522	21.98	1000
000000000004000402	10.00	1000
000000000004001361	30.00	1000
000000000004001466	160.31	1000
000000000004001514	94.34	1000
000000000004001190	34.63	1000
000000000004001183	18.45	1000
000000000004001521	22.47	1000
000000000004000375	16.85	1000
000000000004000416	26.73	1000
000000000004001149	18.58	1000
000000000004000374	11.19	1000
000000000004001201	82.69	1000
000000000004001330	41.46	1000
000000000004001174	74.28	1000
000000000004001708	135.04	1000
000000000004001512	61.60	1000
000000000007000170	120.00	1000
000000000004001572	129.13	1000
000000000004001242	246.34	1000
000000000004001156	73.68	1000
000000000004001612	289.23	1000
000000000004001406	78.09	1000
000000000004000386	143.55	1000
000000000004000641	6.25	1000
000000000004001204	1084.44	1000
000000000004001333	6.84	1000
000000000004001167	40.00	1000
000000000004001303	18.44	1000
000000000004001402	18.40	1000
000000000004001247	31.82	1000
000000000004001267	501.35	1000
000000000004001465	245.88	1000
000000000004000379	8.69	1000
000000000004001166	11.79	1000
000000000004001409	1608.74	1000
000000000004001350	93.54	1000
000000000004001249	8.52	1000
000000000004000350	6.93	1000
000000000004001319	5.81	1000
000000000004001269	47.55	1000
000000000004001274	12.52	1000
000000000004001161	4.78	1000
000000000004001268	350.00	1000
000000000004001404	88.79	1000
000000000004003178	72.93	1000
000000000004003859	3417.25	1000
000000000004003993	21.49	1000
000000000004001489	244.65	1000
000000000004001348	10.28	1000
000000000004003440	101.34	1000
000000000004001170	33.10	1000
000000000004001157	57.08	1000
000000000004001176	50.00	1000
000000000004001384	24.67	1000
000000000004001449	577.27	1000
000000000004000373	16.95	1000
000000000004000356	103.35	1000
000000000004001471	42.13	1000
000000000004001461	28.54	1000
000000000004001373	472.60	1000
000000000004001413	46.46	1000
000000000007000827	866.55	1000
000000000004001536	315.00	1000
000000000004001358	95.07	1000
000000000004001234	61.90	1000
000000000004001229	13.75	1000
000000000007000498	656.12	1000
000000000004001239	132.45	1000
000000000004001528	51.20	1000
000000000004001543	37.21	1000
000000000004000584	39.56	1000
000000000004001158	10.06	1000
000000000004001442	20.93	1000
000000000004001173	23.87	1000
000000000004001533	149.77	1000
000000000004000395	5.95	1000
000000000004001294	555.06	1000
000000000004001503	11.32	1000
000000000004001200	43.81	1000
000000000004001188	25.48	1000
000000000004001380	16.97	1000
000000000004001585	24.88	1000
000000000004000364	28.35	1000
000000000004001410	35.39	1000
000000000004001516	20.23	1000
000000000004001148	54.68	1000
000000000004002588	175.82	1000
000000000004001341	269.77	1000
000000000004002120	3.65	1000
000000000004000358	9.40	1000
000000000004003334	2.85	1000
000000000004001265	9.86	1000
000000000004001257	960.95	1000
000000000004000451	236.14	1000
000000000004000438	19.00	1000
000000000004000361	50.74	1000
000000000004001490	9.65	1000
000000000004001508	56.67	1000
000000000007000619	630.92	1000
000000000004001548	111.97	1000
000000000004001300	9.03	1000
000000000004001185	39.93	1000
000000000004001142	31.20	1000
000000000004000341	66.53	1000
000000000004001165	167.66	1000
000000000007000851	20.00	1000
000000000007000842	5960.00	1000
000000000007000813	340.00	1000
000000000007000807	50.00	1000
000000000007000728	210.00	1000
000000000007000403	20.00	1000
000000000007000169	120.00	1000
000000000007000165	120.00	1000
000000000004000200	330.00	1000
000000000004000088	470.00	1000
000000000004000087	640.00	1000
000000000004000086	300.00	1000
000000000007000837	110.00	1000
000000000004001405	230.00	1000
000000000004001565	210.00	1000
000000000007000163	260.00	1000
000000000007000765	8160.00	1000
000000000007000704	900.00	1000
000000000007000684	120.00	1000
000000000007000685	590.00	1000
000000000007000686	220.00	1000
000000000007000687	220.00	1000
000000000007000688	220.00	1000
000000000007000689	220.00	1000
000000000007000372	350.00	1000
000000000004000095	220.00	1000
000000000004000099	210.00	1000
000000000004000115	980.00	1000
000000000004000116	220.00	1000
000000000004000117	600.00	1000
000000000004000162	60.00	1000
000000000007000318	130.00	1000
000000000007000330	130.00	1000
000000000007000331	130.00	1000
000000000007000402	28.39	1000
000000000007000406	64.50	1000
000000000007000404	165.48	1000
000000000007000405	57.02	1000
000000000007000407	55.41	1000
000000000007000408	50.00	1000
000000000007000409	50.00	1000
000000000007000410	60.68	1000
000000000007000411	55.39	1000
000000000007000412	56.72	1000
000000000007000413	56.72	1000
000000000007000414	50.00	1000
000000000007000415	50.00	1000
000000000007000417	65.97	1000
000000000007000418	140.00	1000
000000000007000419	55.48	1000
000000000007000420	57.15	1000
000000000007000421	55.49	1000
000000000007000422	55.48	1000
000000000007000425	55.47	1000
000000000007000436	30.00	1000
000000000007000781	58.21	1000
000000000007000311	130.00	1000
000000000004000092	210.00	1000
000000000004000158	60.00	1000
000000000007000456	140.00	1000
000000000004000144	670.00	1000
000000000004000105	360.00	1000
000000000007000833	440.00	1000
000000000007000424	30.00	1000
000000000007000423	30.00	1000
000000000007000357	900.00	1000
000000000007000308	1190.00	1000
000000000007000180	380.00	1000
000000000007000162	270.00	1000
000000000007000133	1350.00	1000
000000000007000011	1220.00	1000
000000000004001764	120.00	1000
000000000004001662	330.00	1000
000000000004000327	990.00	1000
000000000004000208	780.00	1000
000000000004000161	60.00	1000
000000000004000076	400.00	1000
000000000007000455	110.00	1000
000000000007000825	50.00	1000
000000000007000819	760.00	1000
000000000007000818	930.00	1000
000000000007000817	1530.00	1000
000000000007000816	760.00	1000
000000000007000815	1680.00	1000
000000000007000814	1690.00	1000
000000000007000811	34500.00	1000
000000000007000810	19500.00	1000
000000000007000805	28320.00	1000
000000000007000804	24000.00	1000
000000000007000803	15500.00	1000
000000000007000802	11500.00	1000
000000000007000800	90.00	1000
000000000007000799	310.00	1000
000000000007000798	80.00	1000
000000000007000797	240.00	1000
000000000007000492	70.00	1000
000000000004000160	60.00	1000
000000000004000102	393.82	1000
000000000004000091	1850.00	1000
000000000007000782	270.00	1000
000000000004001399	31.50	1000
000000000007000806	48000.00	1000
000000000004000367	20.00	1000
000000000007000709	30.00	1000
000000000007000710	30.00	1000
000000000007000711	30.00	1000
000000000007000712	30.00	1000
000000000007000713	30.00	1000
000000000007000573	230.00	1000
000000000007000703	1300.00	1000
000000000004000119	300.00	1000
000000000004000120	300.00	1000
000000000004000314	590.00	1000
000000000007000466	10.00	1000
000000000007000416	45.73	1000
000000000007000697	33.05	1000
000000000004000146	353.27	1000
000000000004000127	930.00	1000
000000000004000128	930.00	1000
000000000004000129	930.00	1000
000000000004000130	930.00	1000
000000000004000411	10.00	1000
000000000004000444	70.00	1000
000000000004000640	120.00	1000
000000000004000642	33.08	1000
000000000004001226	40.00	1000
000000000004001276	90.00	1000
000000000004001293	23.78	1000
000000000004001323	160.00	1000
000000000004001327	20.00	1000
000000000004001328	26.40	1000
000000000004001331	80.00	1000
000000000004001335	11.15	1000
000000000004001343	434.96	1000
000000000004001400	470.00	1000
000000000004001408	630.00	1000
000000000004001426	60.00	1000
000000000004001468	50.00	1000
000000000004001469	50.00	1000
000000000004001526	30.00	1000
000000000004001541	90.00	1000
000000000004001550	20.00	1000
000000000004001554	380.00	1000
000000000004001573	170.00	1000
000000000004001590	170.00	1000
000000000007000016	180.00	1000
000000000007000309	280.00	1000
000000000007000171	120.00	1000
000000000007000826	70.00	1000
000000000007000832	344.31	1000
000000000004001152	30.00	1000
000000000004001473	90.00	1000
000000000004001498	60.00	1000
000000000004001501	100.00	1000
000000000004001505	219.98	1000
000000000004001921	10.00	1000
000000000004000103	660.00	1000
000000000007000319	163.13	1000
000000000004000357	25.37	1000
000000000004001506	100.00	1000
000000000004001556	1040.00	1000
000000000007000017	180.00	1000
000000000007000164	120.00	1000
000000000007000166	120.00	1000
000000000007000168	120.00	1000
000000000007000167	120.00	1000
000000000004001479	30.00	1000
000000000004001538	40.00	1000
000000000004001539	60.00	1000
000000000004001540	90.00	1000
000000000004001525	600.00	1000
000000000007000181	1050.00	1000
000000000004000643	50.00	1000
000000000004001584	70.00	1000
000000000007000706	280.00	1000
000000000007000707	860.00	1000
000000000004001414	114.37	1000
000000000004000093	469.50	1000
000000000004000096	360.00	1000
000000000004000097	870.00	1000
000000000004000098	442.45	1000
000000000004000114	660.00	1000
000000000004000159	60.00	1000
000000000007000312	120.00	1000
000000000007000316	120.00	1000
000000000007000317	120.00	1000
000000000007000329	140.00	1000
000000000007000334	130.00	1000
000000000004001277	21.76	1000
000000000004001224	57.28	1000
000000000004001316	40.00	1000
000000000004001381	50.00	1000
000000000004001472	360.00	1000
000000000004001517	180.00	1000
000000000004001390	150.00	1000
000000000004001500	1160.00	1000
000000000004001551	50.00	1000
000000000004001555	1720.00	1000
000000000004001571	200.00	1000
000000000004001351	299.50	1000
000000000004001370	53.65	1000
000000000004001507	690.00	1000
000000000004001583	107.09	1000
000000000004001523	187.29	1000
000000000004001353	113.19	1000
000000000004001377	90.91	1000
000000000004001394	793.00	1000
000000000004001552	40.00	1000
000000000004001546	165.27	1000
000000000004001547	240.09	1000
000000000004001383	1450.03	1000
000000000004001542	3.00	1000
000000000004001638	730.00	1000
000000000004001762	350.00	1000
000000000004001359	92.90	1000
000000000004001726	134.16	1000
000000000004001595	334.66	1000
000000000004001385	96.58	1000
000000000004001325	127.81	1000
000000000004001375	70.00	1000
000000000004001553	440.00	1000
000000000004001515	28.89	1000
000000000007000801	750.00	1000
000000000004000396	70.55	1000
000000000004001362	105.47	1000
000000000004001428	297.78	1000
000000000004001575	90.00	1000
000000000004003377	78.82	1000
000000000004005340	71.90	1000
000000000004003890	47.78	1000
000000000004001271	51.74	1000
000000000004001154	27.50	1000
000000000004001425	1.81	1000
000000000004001493	25.09	1000
000000000004001213	47.55	1000
000000000004003175	16.32	1000
000000000004001145	6.91	1000
000000000004003162	2470.00	1000
000000000004005341	42.47	1000
000000000004003190	33.39	1000
000000000004005342	462.05	1000
000000000004003445	259.17	1000
000000000004003105	70.89	1000
000000000004001378	8.85	1000
000000000004003441	774.71	1000
000000000004004144	43.77	1000
000000000004004146	8.12	1000
000000000004000352	9.03	1000
000000000004001143	36.52	1000
000000000004000094	281.76	1000
000000000004004915	439.60	1000
000000000004001175	26.80	1000
000000000007002169	276.07	1000
000000000004000646	25.16	1000
000000000004000417	21.60	1000
000000000004001283	60.00	1000
000000000004001459	8.89	1000
000000000004001178	107.31	1000
000000000004003706	312.95	1000
000000000004002591	73.21	1000
000000000004002210	97.22	1000
000000000004002577	9.81	1000
000000000004005996	445.28	1000
000000000004005998	227.47	1000
000000000004001206	27.07	1000
000000000004006085	183.00	1000
000000000007001013	31.84	1000
000000000007002506	369.00	1000
000000000007002503	109.38	1000
000000000004000371	16.31	1000
000000000004001386	167.41	1000
000000000004001141	12.38	1000
000000000004001164	29.14	1000
000000000004001199	23.20	1000
000000000004001209	8.42	1000
000000000004004028	90.25	1000
000000000004001411	417.25	1000
000000000004001225	22.63	1000
000000000004001549	12.50	1000
000000000004002004	177.10	1000
000000000004005855	344.52	1000
000000000004001558	10.00	1000
000000000004001366	134.95	1000
000000000004001295	683.46	1000
000000000004001281	136.20	1000
000000000004001596	100.00	1000
000000000004001597	131.12	1000
000000000004004140	18.34	1000
000000000004004143	356.01	1000
000000000004002131	14.19	1
000000000007001515	36.80	1000
000000000004002399	445.88	1000
000000000004003783	74.21	1000
000000000004005240	1576.36	1000
000000000004001147	147.19	1000
000000000004001288	13.05	1000
000000000004004145	33.89	1000
000000000004003613	635.88	1000
000000000004001344	7.02	1000
000000000004003565	109.25	1000
000000000004003191	209.48	1000
000000000004000355	2.47	1000
000000000004001416	6.45	1000
000000000004002590	27.25	1000
000000000004001593	29.10	1000
000000000004001494	94.68	1000
000000000004000346	95.18	1000
000000000004001588	88.33	1000
000000000004001564	110.00	1000
000000000004000354	16.06	1000
000000000004001529	18.66	1000
000000000004000362	93.45	1000
000000000004003276	99.54	1000
000000000004000391	76.25	1000
000000000004001577	134.10	1000
000000000004000408	380.01	1000
000000000004004300	56.59	1000
000000000004004295	53.02	1000
000000000004001227	27.71	1000
000000000004004297	144.27	1000
000000000007001461	92.00	1000
